# Time (MJD) | Flux 
1.870474698328242766e+03 1.339609625000000000e+06
1.870495531968384967e+03 1.339508000000000000e+06
1.870516365608526939e+03 1.339593375000000000e+06
1.870537199248667548e+03 1.339428625000000000e+06
1.870641367442391356e+03 1.339629250000000000e+06
1.870662201080204341e+03 1.339278500000000000e+06
1.870703868353502912e+03 1.339095250000000000e+06
1.870787202893579888e+03 1.339578875000000000e+06
1.870828870159893995e+03 1.339716125000000000e+06
1.870870537423413680e+03 1.339470500000000000e+06
1.870953871941139369e+03 1.339406875000000000e+06
1.870995539195811489e+03 1.339510000000000000e+06
1.871016372821517507e+03 1.339588000000000000e+06
1.871037206446757409e+03 1.339467250000000000e+06
1.871058040071532787e+03 1.339527250000000000e+06
1.871078873694911181e+03 1.339541250000000000e+06
1.871141374560387021e+03 1.339279500000000000e+06
1.871162208180505786e+03 1.339394000000000000e+06
1.871183041800158662e+03 1.339426000000000000e+06
1.871203875418413645e+03 1.339321000000000000e+06
1.871224709036203421e+03 1.339288875000000000e+06
1.871245542652596669e+03 1.339158750000000000e+06
1.871287209883520063e+03 1.339529500000000000e+06
1.871308043497584322e+03 1.339510750000000000e+06
1.871328877110251597e+03 1.339479500000000000e+06
1.871349710722453892e+03 1.339563625000000000e+06
1.871370544333724865e+03 1.339408625000000000e+06
1.871391377944063379e+03 1.339390875000000000e+06
1.871412211553471025e+03 1.338871375000000000e+06
1.871433045162413691e+03 1.339028375000000000e+06
1.871453878769959374e+03 1.339114625000000000e+06
1.871474712376573962e+03 1.339426375000000000e+06
1.871495545982255862e+03 1.339331000000000000e+06
1.871516379587006668e+03 1.339398750000000000e+06
1.871537213190827060e+03 1.339446500000000000e+06
1.871558046793716358e+03 1.339448875000000000e+06
1.871578880395674332e+03 1.339346625000000000e+06
1.871599713996699847e+03 1.339465625000000000e+06
1.871620547596794495e+03 1.339404125000000000e+06
1.871641381195957365e+03 1.339428125000000000e+06
1.871662214794190049e+03 1.339288375000000000e+06
1.871683048391491411e+03 1.339540125000000000e+06
1.871703881987394652e+03 1.339362000000000000e+06
1.871724715582832687e+03 1.339318000000000000e+06
1.871745549177339171e+03 1.339338000000000000e+06
1.871766382770449582e+03 1.339310250000000000e+06
1.871787216363093194e+03 1.339389625000000000e+06
1.871808049954805938e+03 1.339274875000000000e+06
1.871828883545122153e+03 1.339422250000000000e+06
1.871849717134507046e+03 1.339405375000000000e+06
1.871870550723426277e+03 1.339328625000000000e+06
1.871891384310947160e+03 1.339237250000000000e+06
1.871912217897537630e+03 1.339285875000000000e+06
1.871933051483197232e+03 1.339391750000000000e+06
1.871953885067925512e+03 1.339381250000000000e+06
1.871974718651722014e+03 1.339295625000000000e+06
1.871995552234586285e+03 1.339391750000000000e+06
1.872016385816520597e+03 1.339224875000000000e+06
1.872037219397523586e+03 1.339335500000000000e+06
1.872058052977129591e+03 1.339097000000000000e+06
1.872078886556269481e+03 1.339180125000000000e+06
1.872099720134012387e+03 1.339253375000000000e+06
1.872120553711290086e+03 1.339390875000000000e+06
1.872141387287169891e+03 1.338895500000000000e+06
1.872162220862118829e+03 1.338738000000000000e+06
1.872183054436136445e+03 1.338827625000000000e+06
1.872203888009223192e+03 1.339222625000000000e+06
1.872224721581378617e+03 1.339376750000000000e+06
1.872245555152601355e+03 1.339204250000000000e+06
1.872266388722893680e+03 1.339348750000000000e+06
1.872287222291789476e+03 1.339331500000000000e+06
1.872308055860219611e+03 1.339220375000000000e+06
1.872328889427718423e+03 1.339373500000000000e+06
1.872349722993819796e+03 1.339336000000000000e+06
1.872370556558989392e+03 1.339126875000000000e+06
1.872391390123228121e+03 1.339246250000000000e+06
1.872412223687001642e+03 1.339373000000000000e+06
1.872433057249377725e+03 1.339190375000000000e+06
1.872453890810822031e+03 1.339272750000000000e+06
1.872474724370870263e+03 1.339331500000000000e+06
1.872495557930452378e+03 1.339376500000000000e+06
1.872516391489103171e+03 1.339153000000000000e+06
1.872537225046356525e+03 1.339296250000000000e+06
1.872558058603145128e+03 1.339262750000000000e+06
1.872578892158536974e+03 1.339227250000000000e+06
1.872599725713462249e+03 1.339266500000000000e+06
1.872620559266990767e+03 1.339245875000000000e+06
1.872641392819587509e+03 1.339246125000000000e+06
1.872662226371254064e+03 1.339173125000000000e+06
1.872683059921988388e+03 1.339267000000000000e+06
1.872703893471791616e+03 1.339241125000000000e+06
1.872724727020663977e+03 1.339302875000000000e+06
1.872745560568138671e+03 1.339224750000000000e+06
1.872766394115147705e+03 1.339092750000000000e+06
1.872787227660759982e+03 1.339240375000000000e+06
1.872808061205907052e+03 1.339112875000000000e+06
1.872828894749657138e+03 1.339321000000000000e+06
1.872849728292475447e+03 1.339177875000000000e+06
1.872870561834361979e+03 1.339032250000000000e+06
1.872891395375317643e+03 1.338750125000000000e+06
1.872912228915342439e+03 1.338620500000000000e+06
1.872933062454435458e+03 1.338974375000000000e+06
1.872953895992596699e+03 1.339131375000000000e+06
1.872974729529827528e+03 1.339107750000000000e+06
1.872995563065660917e+03 1.339242625000000000e+06
1.873016396601028418e+03 1.339215125000000000e+06
1.873037230134998936e+03 1.339207875000000000e+06
1.873058063668504474e+03 1.339250875000000000e+06
1.873078897200613028e+03 1.339170250000000000e+06
1.873120564262035259e+03 1.339224000000000000e+06
1.873141397791348936e+03 1.339216375000000000e+06
1.873162231319732200e+03 1.339339375000000000e+06
1.873183064847183687e+03 1.339230000000000000e+06
1.873203898373703851e+03 1.339171375000000000e+06
1.873224731899293147e+03 1.339166750000000000e+06
1.873245565423484550e+03 1.339100250000000000e+06
1.873266398947210746e+03 1.339180750000000000e+06
1.873287232469539958e+03 1.339253250000000000e+06
1.873308065991403964e+03 1.339122125000000000e+06
1.873328899511870077e+03 1.339221250000000000e+06
1.873349733031405322e+03 1.339125250000000000e+06
1.873370566550009698e+03 1.339160000000000000e+06
1.873391400068147959e+03 1.339171500000000000e+06
1.873412233584888781e+03 1.339276375000000000e+06
1.873433067100233075e+03 1.339324250000000000e+06
1.873453900615112161e+03 1.339090125000000000e+06
1.873474734129059925e+03 1.339339750000000000e+06
1.873495567642075002e+03 1.339214500000000000e+06
1.873516401153694005e+03 1.339130375000000000e+06
1.873537234664847801e+03 1.339271250000000000e+06
1.873558068174604614e+03 1.339222750000000000e+06
1.873578901683895310e+03 1.339296250000000000e+06
1.873599735191788795e+03 1.339163500000000000e+06
1.873620568698751867e+03 1.338702000000000000e+06
1.873641402204782025e+03 1.338622000000000000e+06
1.873662235710346977e+03 1.338735875000000000e+06
1.873683069214515854e+03 1.339226875000000000e+06
1.873703902717287974e+03 1.339198250000000000e+06
1.873724736219593524e+03 1.339194250000000000e+06
1.873745569720967069e+03 1.339151125000000000e+06
1.873766403221410656e+03 1.339132375000000000e+06
1.873787236720922465e+03 1.339273625000000000e+06
1.873808070219037290e+03 1.339195750000000000e+06
1.873828903716686909e+03 1.339256625000000000e+06
1.873849737212939544e+03 1.339169500000000000e+06
1.873870570708725836e+03 1.339111875000000000e+06
1.873891404203114689e+03 1.339186625000000000e+06
1.873912237696573357e+03 1.339134125000000000e+06
1.873933071189099792e+03 1.339380750000000000e+06
1.873953904680695359e+03 1.339139125000000000e+06
1.873974738171360059e+03 1.339255375000000000e+06
1.873995571661092981e+03 1.339262625000000000e+06
1.874016405149894126e+03 1.339277125000000000e+06
1.874037238637764403e+03 1.339274375000000000e+06
1.874058072124703813e+03 1.339217750000000000e+06
1.874078905610711445e+03 1.339163750000000000e+06
1.874099739095321638e+03 1.339340750000000000e+06
1.874120572579467307e+03 1.339334375000000000e+06
1.874141406062215083e+03 1.339193750000000000e+06
1.874162239544497425e+03 1.339161000000000000e+06
1.874183073025382328e+03 1.339277125000000000e+06
1.874203906505802706e+03 1.339084875000000000e+06
1.874224739984825192e+03 1.339236750000000000e+06
1.874245573462915672e+03 1.339220250000000000e+06
1.874266406940076195e+03 1.339388250000000000e+06
1.874287240416305394e+03 1.339185125000000000e+06
1.874308073891602817e+03 1.339255375000000000e+06
1.874328907365968917e+03 1.339253375000000000e+06
1.874349740839404149e+03 1.338933750000000000e+06
1.874370574311907149e+03 1.338714125000000000e+06
1.874391407783478599e+03 1.338780750000000000e+06
1.874412241253654429e+03 1.339273000000000000e+06
1.874433074723363461e+03 1.339263375000000000e+06
1.874453908192141625e+03 1.339290125000000000e+06
1.874474741659523261e+03 1.339331875000000000e+06
1.874495575126438780e+03 1.339302250000000000e+06
1.874516408591956861e+03 1.339346125000000000e+06
1.874537242056544073e+03 1.339309875000000000e+06
1.874558075520666080e+03 1.339100125000000000e+06
1.874578908983390647e+03 1.339408750000000000e+06
1.874599742445183438e+03 1.339213125000000000e+06
1.874620575906045815e+03 1.339315500000000000e+06
1.874641409365975505e+03 1.339441875000000000e+06
1.874662242824974783e+03 1.339313375000000000e+06
1.874683076283043192e+03 1.339317750000000000e+06
1.874703909740179824e+03 1.339300750000000000e+06
1.874724743196384679e+03 1.339294375000000000e+06
1.874745576651193005e+03 1.339334750000000000e+06
1.874766410105536124e+03 1.339270250000000000e+06
1.874787243558947466e+03 1.339284000000000000e+06
1.874808077010961370e+03 1.339389625000000000e+06
1.874828910462510748e+03 1.339370375000000000e+06
1.874849743912662234e+03 1.339362375000000000e+06
1.874870577362348286e+03 1.339381625000000000e+06
1.874891410810636899e+03 1.339419500000000000e+06
1.874912244257994644e+03 1.339346750000000000e+06
1.874933077704886728e+03 1.339313250000000000e+06
1.874953911150382282e+03 1.339551125000000000e+06
1.874974744594945605e+03 1.339462250000000000e+06
1.874995578038577378e+03 1.339407000000000000e+06
1.875016411481279192e+03 1.339367000000000000e+06
1.875037244923048547e+03 1.339360750000000000e+06
1.875058078363887034e+03 1.339321875000000000e+06
1.875078911803794654e+03 1.339192500000000000e+06
1.875099745242304834e+03 1.338895125000000000e+06
1.875120578680348899e+03 1.338793750000000000e+06
1.875141412117462096e+03 1.339219750000000000e+06
1.875162245553178082e+03 1.339406375000000000e+06
1.875183078988428406e+03 1.339396625000000000e+06
1.875203912422282428e+03 1.339197000000000000e+06
1.875224745855670335e+03 1.339320125000000000e+06
1.875245579287660348e+03 1.339446875000000000e+06
1.875266412718720403e+03 1.339248250000000000e+06
1.875287246149314342e+03 1.339465000000000000e+06
1.875308079578510842e+03 1.339425375000000000e+06
1.875328913006776929e+03 1.339452625000000000e+06
1.875349746434111239e+03 1.339402000000000000e+06
1.875370579860514226e+03 1.339406375000000000e+06
1.875391413285985436e+03 1.339369750000000000e+06
1.875412246710525778e+03 1.339424750000000000e+06
1.875433080134134570e+03 1.339415125000000000e+06
1.875453913556812950e+03 1.339389250000000000e+06
1.875474746978093208e+03 1.339366750000000000e+06
1.875495580398907350e+03 1.339422625000000000e+06
1.875516413818791762e+03 1.339434125000000000e+06
1.875537247237278279e+03 1.339389875000000000e+06
1.875558080655299364e+03 1.339509500000000000e+06
1.875578914071923919e+03 1.339436875000000000e+06
1.875599747488082130e+03 1.339460250000000000e+06
1.875620580902843358e+03 1.339464375000000000e+06
1.875641414316673490e+03 1.339416250000000000e+06
1.875662247730037507e+03 1.339347625000000000e+06
1.875683081142004994e+03 1.339585875000000000e+06
1.875703914553041614e+03 1.339500750000000000e+06
1.875724747963146456e+03 1.339397375000000000e+06
1.875745581372319066e+03 1.339478750000000000e+06
1.875766414780561718e+03 1.339569250000000000e+06
1.875787248187872365e+03 1.339614500000000000e+06
1.875808081593786028e+03 1.339501875000000000e+06
1.875828914999234712e+03 1.339070750000000000e+06
1.875849748403751619e+03 1.338938625000000000e+06
1.875870581807336976e+03 1.339186500000000000e+06
1.875891415209525348e+03 1.339479000000000000e+06
1.875912248611248287e+03 1.339562375000000000e+06
1.875933082011573788e+03 1.339523000000000000e+06
1.875953915410969103e+03 1.339590250000000000e+06
1.875974748809897847e+03 1.339604625000000000e+06
1.875995582207428924e+03 1.339511625000000000e+06
1.876016415604029589e+03 1.339745125000000000e+06
1.876037248999698477e+03 1.339551250000000000e+06
1.876058082394437179e+03 1.339578375000000000e+06
1.876078915788709310e+03 1.339599375000000000e+06
1.876099749181119023e+03 1.339580875000000000e+06
1.876120582573063530e+03 1.339653500000000000e+06
1.876141415964075350e+03 1.339465000000000000e+06
1.876162249354156756e+03 1.339771375000000000e+06
1.876183082743307295e+03 1.339606625000000000e+06
1.876203916131059941e+03 1.339655875000000000e+06
1.876224749518347380e+03 1.339613250000000000e+06
1.876245582904236926e+03 1.339813750000000000e+06
1.876266416289661720e+03 1.339760750000000000e+06
1.876287249673689985e+03 1.339698625000000000e+06
1.876308083057251906e+03 1.339832875000000000e+06
1.876328916439416844e+03 1.339783125000000000e+06
1.876349749820651141e+03 1.339700500000000000e+06
1.876370583200953661e+03 1.339666750000000000e+06
1.876391416580323948e+03 1.339707625000000000e+06
1.876412249958764278e+03 1.339704250000000000e+06
1.876433083336272830e+03 1.339793375000000000e+06
1.876453916712849605e+03 1.339717625000000000e+06
1.876474750088495512e+03 1.339765625000000000e+06
1.876495583462743525e+03 1.339698000000000000e+06
1.876516416836527242e+03 1.339847750000000000e+06
1.876537250209379181e+03 1.339949875000000000e+06
1.876558083580833681e+03 1.339638375000000000e+06
1.876578916951357996e+03 1.339058375000000000e+06
1.876599750321415740e+03 1.339269625000000000e+06
1.876620583690076728e+03 1.339524000000000000e+06
1.876641417057805484e+03 1.339801500000000000e+06
1.876662250424603599e+03 1.339933875000000000e+06
1.876683083790471301e+03 1.339799875000000000e+06
1.876703917155406543e+03 1.339848750000000000e+06
1.876745583882483743e+03 1.339739125000000000e+06
1.876766417244625245e+03 1.339775500000000000e+06
1.876787250605835652e+03 1.339772750000000000e+06
1.876808083965648621e+03 1.339798875000000000e+06
1.876828917324996382e+03 1.339733000000000000e+06
1.876849750682947615e+03 1.339688500000000000e+06
1.876870584040432732e+03 1.339632500000000000e+06
1.876891417396519955e+03 1.339769625000000000e+06
1.876912250751676311e+03 1.339619250000000000e+06
1.876933084105901798e+03 1.339638625000000000e+06
1.876953917459196418e+03 1.339650875000000000e+06
1.876974750811559261e+03 1.339629250000000000e+06
1.876995584162989871e+03 1.339679875000000000e+06
1.877016417513489841e+03 1.339694125000000000e+06
1.877037250863058489e+03 1.339528125000000000e+06
1.877058084211230835e+03 1.339749250000000000e+06
1.877078917558937064e+03 1.339523375000000000e+06
1.877099750905711744e+03 1.339687500000000000e+06
1.877120584251090349e+03 1.339562500000000000e+06
1.877141417595536041e+03 1.339645000000000000e+06
1.877162250939050864e+03 1.339694875000000000e+06
1.877183084282100481e+03 1.339757250000000000e+06
1.877203917623752886e+03 1.339649375000000000e+06
1.877224750964474879e+03 1.339627500000000000e+06
1.877245584303798296e+03 1.339808500000000000e+06
1.877266417642656506e+03 1.339741625000000000e+06
1.877287250980583849e+03 1.339429000000000000e+06
1.877308084317579869e+03 1.339170500000000000e+06
1.877328917653178451e+03 1.339128625000000000e+06
1.877349750987846164e+03 1.339422625000000000e+06
1.877370584322048671e+03 1.339525500000000000e+06
1.877391417654852830e+03 1.339712250000000000e+06
1.877412250986726576e+03 1.339640625000000000e+06
1.877433084317668545e+03 1.339532250000000000e+06
1.877453917647679646e+03 1.339636500000000000e+06
1.877474750976759879e+03 1.339688125000000000e+06
1.877495584304907425e+03 1.339677375000000000e+06
1.877516417631658896e+03 1.339601125000000000e+06
1.877537250957944252e+03 1.339546000000000000e+06
1.877558084282833079e+03 1.339696125000000000e+06
1.877578917607256699e+03 1.339674500000000000e+06
1.877599750930282880e+03 1.339680125000000000e+06
1.877620584252377284e+03 1.339573125000000000e+06
1.877641417573540139e+03 1.339789125000000000e+06
1.877662250893772125e+03 1.339554000000000000e+06
1.877683084213073471e+03 1.339512125000000000e+06
1.877703917530977378e+03 1.339395250000000000e+06
1.877724750848415397e+03 1.339420625000000000e+06
1.877745584164921638e+03 1.339543875000000000e+06
1.877766417480031123e+03 1.339690875000000000e+06
1.877787250794209740e+03 1.339411875000000000e+06
1.877808084107456580e+03 1.339518875000000000e+06
1.877828917419773234e+03 1.339504750000000000e+06
1.877849750731157201e+03 1.339697500000000000e+06
1.877870584041610073e+03 1.339623750000000000e+06
1.877891417351132077e+03 1.339498500000000000e+06
1.877912250659256870e+03 1.339656875000000000e+06
1.877933083966916001e+03 1.339604625000000000e+06
1.877953917273178376e+03 1.339536375000000000e+06
1.877974750578509884e+03 1.339497375000000000e+06
1.877995583882908704e+03 1.339554875000000000e+06
1.878016417186376884e+03 1.339432875000000000e+06
1.878037250488913742e+03 1.339043000000000000e+06
1.878058083790519504e+03 1.338971625000000000e+06
1.878078917091193489e+03 1.339092500000000000e+06
1.878099750390470263e+03 1.339369375000000000e+06
1.878120583688817078e+03 1.339590375000000000e+06
1.878141416986697095e+03 1.339482375000000000e+06
1.878162250283180583e+03 1.339467625000000000e+06
1.878183083578732521e+03 1.339392000000000000e+06
1.878203916872887476e+03 1.339401250000000000e+06
1.878224750166576996e+03 1.339351500000000000e+06
1.878245583459334284e+03 1.339474125000000000e+06
1.878266416750695953e+03 1.339402250000000000e+06
1.878287250041125844e+03 1.339423250000000000e+06
1.878308083330623958e+03 1.339454375000000000e+06
1.878328916619191205e+03 1.339456875000000000e+06
1.878349749906826219e+03 1.339434750000000000e+06
1.878370583193530592e+03 1.339390375000000000e+06
1.878391416479303643e+03 1.339534625000000000e+06
1.878412249763679938e+03 1.339457375000000000e+06
1.878433083047124455e+03 1.339485750000000000e+06
1.878453916329638787e+03 1.339407375000000000e+06
1.878474749611220886e+03 1.339522250000000000e+06
1.878495582891870981e+03 1.339207375000000000e+06
1.878516416171590663e+03 1.339475125000000000e+06
1.878537249449913134e+03 1.339413250000000000e+06
1.878558082727769943e+03 1.339443375000000000e+06
1.878578916004229995e+03 1.339345875000000000e+06
1.878599749279757816e+03 1.339499125000000000e+06
1.878620582554354769e+03 1.339519500000000000e+06
1.878641415827555193e+03 1.339340375000000000e+06
1.878662249100289955e+03 1.339447125000000000e+06
1.878683082371628188e+03 1.339258500000000000e+06
1.878703915642034190e+03 1.339337500000000000e+06
1.878724748911509323e+03 1.339370250000000000e+06
1.878745582180052224e+03 1.339447500000000000e+06
1.878766415447664713e+03 1.339108250000000000e+06
1.878787248713879762e+03 1.338759250000000000e+06
1.878808081979629605e+03 1.338861125000000000e+06
1.878828915243982465e+03 1.339170250000000000e+06
1.878849748507403092e+03 1.339328875000000000e+06
1.878870581769892851e+03 1.339181875000000000e+06
1.878891415030986082e+03 1.339320125000000000e+06
1.878912248291613423e+03 1.339299375000000000e+06
1.878933081550843781e+03 1.339391750000000000e+06
1.878953914809143498e+03 1.339372625000000000e+06
1.878974748066511438e+03 1.339327000000000000e+06
1.878995581322947146e+03 1.339608750000000000e+06
1.879016414577986779e+03 1.339512875000000000e+06
1.879037247832094636e+03 1.339458375000000000e+06
1.879058081085737285e+03 1.339469500000000000e+06
1.879078914337517062e+03 1.339350875000000000e+06
1.879099747588830724e+03 1.339364875000000000e+06
1.879120580839213289e+03 1.339377500000000000e+06
1.879141414088199326e+03 1.339335500000000000e+06
1.879162247336253586e+03 1.339504875000000000e+06
1.879183080583376977e+03 1.339278875000000000e+06
1.879203913829569046e+03 1.339420500000000000e+06
1.879224747074363677e+03 1.339307250000000000e+06
1.879245580318226530e+03 1.339380250000000000e+06
1.879266413561158970e+03 1.339303750000000000e+06
1.879287246803160087e+03 1.339368875000000000e+06
1.879308080044229428e+03 1.339361125000000000e+06
1.879328913283902239e+03 1.339413500000000000e+06
1.879349746522643272e+03 1.339421000000000000e+06
1.879370579760453438e+03 1.339374875000000000e+06
1.879391412997332282e+03 1.339312000000000000e+06
1.879412246232813686e+03 1.339386375000000000e+06
1.879433079467364223e+03 1.339424375000000000e+06
1.879453912700983210e+03 1.339317875000000000e+06
1.879474745933670874e+03 1.339448125000000000e+06
1.879495579164960873e+03 1.339269000000000000e+06
1.879516412395786119e+03 1.338987250000000000e+06
1.879537245625213927e+03 1.338996250000000000e+06
1.879558078853245206e+03 1.339147625000000000e+06
1.879578912080810824e+03 1.339333000000000000e+06
1.879599745306978548e+03 1.339431500000000000e+06
1.879620578532215404e+03 1.339481875000000000e+06
1.879641411756521393e+03 1.339503750000000000e+06
1.879662244979430398e+03 1.339427125000000000e+06
1.879683078201407625e+03 1.339462500000000000e+06
1.879703911422453984e+03 1.339386000000000000e+06
1.879724744642568794e+03 1.339465000000000000e+06
1.879745577861286165e+03 1.339397750000000000e+06
1.879766411079072441e+03 1.339314500000000000e+06
1.879787244295927849e+03 1.339496500000000000e+06
1.879808077511851707e+03 1.339404125000000000e+06
1.879828910726378581e+03 1.339285875000000000e+06
1.879849743939973450e+03 1.339296750000000000e+06
1.879870577152637907e+03 1.339369125000000000e+06
1.879891410363904924e+03 1.339330625000000000e+06
1.879912243574241074e+03 1.339327625000000000e+06
1.879933076783645902e+03 1.339378250000000000e+06
1.879953909991653290e+03 1.339250250000000000e+06
1.879974743199195473e+03 1.339272500000000000e+06
1.879995576404874100e+03 1.338993000000000000e+06
1.880016409610087749e+03 1.339355625000000000e+06
1.880037242813904413e+03 1.339398750000000000e+06
1.880058076016789983e+03 1.339247750000000000e+06
1.880078909218743775e+03 1.339324500000000000e+06
1.880099742419300355e+03 1.339422375000000000e+06
1.880120575618926068e+03 1.339409875000000000e+06
1.880141408817155025e+03 1.339408000000000000e+06
1.880162242014917865e+03 1.339257875000000000e+06
1.880183075211284176e+03 1.339390625000000000e+06
1.880203908406253504e+03 1.339375125000000000e+06
1.880224741600291054e+03 1.339453250000000000e+06
1.880245574793396827e+03 1.338999750000000000e+06
1.880266407985571277e+03 1.338852875000000000e+06
1.880287241176349653e+03 1.338918750000000000e+06
1.880308074366196706e+03 1.339307625000000000e+06
1.880328907554646321e+03 1.339311500000000000e+06
1.880349740742164158e+03 1.339388875000000000e+06
1.880370573928751583e+03 1.339264250000000000e+06
1.880391407113942023e+03 1.339286250000000000e+06
1.880412240298200686e+03 1.339391375000000000e+06
1.880433073481528481e+03 1.339324500000000000e+06
1.880453906663459065e+03 1.339409375000000000e+06
1.880474739844458327e+03 1.339355000000000000e+06
1.880495573024059922e+03 1.339343000000000000e+06
1.880516406202731105e+03 1.339361875000000000e+06
1.880537239380470510e+03 1.339370375000000000e+06
1.880558072556813386e+03 1.339289000000000000e+06
1.880578905732224939e+03 1.339377250000000000e+06
1.880599738906238599e+03 1.339352875000000000e+06
1.880620572079320937e+03 1.339326875000000000e+06
1.880641405251006745e+03 1.339408250000000000e+06
1.880662238421761685e+03 1.339308500000000000e+06
1.880683071591585303e+03 1.339283375000000000e+06
1.880703904760011483e+03 1.339331625000000000e+06
1.880724737927506794e+03 1.339317125000000000e+06
1.880745571093604212e+03 1.339344875000000000e+06
1.880766404258771217e+03 1.339339500000000000e+06
1.880787237422540784e+03 1.339336000000000000e+06
1.880808070585379483e+03 1.339387125000000000e+06
1.880828903747286631e+03 1.339290375000000000e+06
1.880849736907330680e+03 1.339285750000000000e+06
1.880870570066909295e+03 1.339475625000000000e+06
1.880891403225090471e+03 1.339436000000000000e+06
1.880912236381875573e+03 1.339318250000000000e+06
1.880933069537729125e+03 1.339257750000000000e+06
1.880953902692651354e+03 1.339169250000000000e+06
1.880974735845711166e+03 1.339113625000000000e+06
1.880995568998304407e+03 1.338794875000000000e+06
1.881016402149501346e+03 1.338855250000000000e+06
1.881037235299301301e+03 1.339125125000000000e+06
1.881058068448170161e+03 1.339360750000000000e+06
1.881078901595641582e+03 1.339385375000000000e+06
1.881099734742181226e+03 1.339426500000000000e+06
1.881120567887324114e+03 1.339365625000000000e+06
1.881141401031536134e+03 1.339416250000000000e+06
1.881162234174351397e+03 1.339379875000000000e+06
1.881183067315769222e+03 1.339280250000000000e+06
1.881203900456256179e+03 1.339403500000000000e+06
1.881224733595346152e+03 1.339375750000000000e+06
1.881245566733503892e+03 1.339289250000000000e+06
1.881266399870264650e+03 1.339403500000000000e+06
1.881287233005628877e+03 1.339466375000000000e+06
1.881308066140062238e+03 1.339449250000000000e+06
1.881328899273564275e+03 1.339488375000000000e+06
1.881349732405202758e+03 1.339349000000000000e+06
1.881370565535910373e+03 1.339245375000000000e+06
1.881391398665221459e+03 1.339376125000000000e+06
1.881412231793601222e+03 1.339431375000000000e+06
1.881433064920583547e+03 1.339343250000000000e+06
1.881453898046168433e+03 1.339351625000000000e+06
1.881474731170822906e+03 1.339488000000000000e+06
1.881495564294079486e+03 1.339494625000000000e+06
1.881516397415939991e+03 1.339380625000000000e+06
1.881537230536868719e+03 1.339375500000000000e+06
1.881558063656400918e+03 1.339278875000000000e+06
1.881578896774535906e+03 1.339438500000000000e+06
1.881599729891272546e+03 1.339345125000000000e+06
1.881620563007079454e+03 1.339243125000000000e+06
1.881641396121488924e+03 1.339360875000000000e+06
1.881662229234501865e+03 1.339380500000000000e+06
1.881683062346117595e+03 1.339312000000000000e+06
1.881703895456801547e+03 1.339187750000000000e+06
1.881724728566088743e+03 1.338729750000000000e+06
1.881745561673978500e+03 1.338912375000000000e+06
1.881766394780472183e+03 1.339017000000000000e+06
1.881787227885568882e+03 1.339321250000000000e+06
1.881808060989733804e+03 1.339456625000000000e+06
1.881828894092502196e+03 1.339397625000000000e+06
1.881849727193871786e+03 1.339304125000000000e+06
1.881870560293846211e+03 1.339233875000000000e+06
1.881891393392423652e+03 1.338992250000000000e+06
1.881912226489603654e+03 1.339173625000000000e+06
1.881933059585387127e+03 1.339357875000000000e+06
1.881953892680238368e+03 1.339317625000000000e+06
1.881974725773693535e+03 1.338793250000000000e+06
1.881995558865285147e+03 1.339217000000000000e+06
1.882016391955945892e+03 1.339272000000000000e+06
1.882037225045210107e+03 1.339285250000000000e+06
1.882058058132610768e+03 1.339383750000000000e+06
1.882078891219081015e+03 1.339253625000000000e+06
1.882099724304153369e+03 1.339261375000000000e+06
1.882120557387829194e+03 1.339353375000000000e+06
1.882141390470108490e+03 1.339341625000000000e+06
1.882162223550989893e+03 1.339240750000000000e+06
1.882183056630009560e+03 1.339414250000000000e+06
1.882203889708097449e+03 1.339353750000000000e+06
1.882224722784788810e+03 1.339171125000000000e+06
1.882245555859616616e+03 1.339197125000000000e+06
1.882266388933513099e+03 1.339322500000000000e+06
1.882287222005547846e+03 1.339328000000000000e+06
1.882308055076185155e+03 1.339354500000000000e+06
1.882328888145425935e+03 1.339147000000000000e+06
1.882349721213268822e+03 1.339331250000000000e+06
1.882370554279714725e+03 1.339317125000000000e+06
1.882391387344298892e+03 1.339164375000000000e+06
1.882412220407951281e+03 1.339377500000000000e+06
1.882433053469741481e+03 1.339400500000000000e+06
1.882453886530134696e+03 1.338818000000000000e+06
1.882474719588664357e+03 1.338796125000000000e+06
1.882495552646262695e+03 1.338814500000000000e+06
1.882516385701998843e+03 1.339381125000000000e+06
1.882537218755872800e+03 1.339329250000000000e+06
1.882558051808815435e+03 1.339314625000000000e+06
1.882578884859894515e+03 1.339383750000000000e+06
1.882599717909576611e+03 1.339395750000000000e+06
1.882620550957396745e+03 1.339355500000000000e+06
1.882641384003819439e+03 1.339396500000000000e+06
1.882662217048845378e+03 1.339379125000000000e+06
1.882683050092009125e+03 1.339465000000000000e+06
1.882703883133775435e+03 1.339485875000000000e+06
1.882724716173679553e+03 1.339432375000000000e+06
1.882745549212185324e+03 1.339498750000000000e+06
1.882766382248829359e+03 1.339803625000000000e+06
1.882787215284076865e+03 1.339539250000000000e+06
1.882808048317460816e+03 1.339995875000000000e+06
1.882828881349448693e+03 1.339569750000000000e+06
1.882849714379573015e+03 1.339624875000000000e+06
1.882870547408300354e+03 1.339689250000000000e+06
1.882891380435165502e+03 1.339821000000000000e+06
1.882912213460168459e+03 1.339639750000000000e+06
1.882933046483774433e+03 1.339718000000000000e+06
1.882953879505517307e+03 1.339568125000000000e+06
1.882995545544345532e+03 1.339278125000000000e+06
1.883016378560966587e+03 1.339408875000000000e+06
1.883037211576189748e+03 1.339444250000000000e+06
1.883058044589085512e+03 1.339374500000000000e+06
1.883078877601049498e+03 1.339354750000000000e+06
1.883099710610684269e+03 1.339336875000000000e+06
1.883120543618923193e+03 1.339391375000000000e+06
1.883141376625299472e+03 1.339335875000000000e+06
1.883162209629813333e+03 1.339437500000000000e+06
1.883183042632929755e+03 1.339155875000000000e+06
1.883203875634183305e+03 1.338940250000000000e+06
1.883224708633574664e+03 1.338938875000000000e+06
1.883245541631568358e+03 1.339183250000000000e+06
1.883266374627699406e+03 1.339436625000000000e+06
1.883287207621968719e+03 1.339299750000000000e+06
1.883308040614841047e+03 1.339413375000000000e+06
1.883328873605849822e+03 1.339415250000000000e+06
1.883349706595461612e+03 1.339433125000000000e+06
1.883370539583211212e+03 1.339384500000000000e+06
1.883391372569563600e+03 1.339407625000000000e+06
1.883412205554053799e+03 1.339377500000000000e+06
1.883433038537612902e+03 1.339420250000000000e+06
1.883453871519308450e+03 1.339415000000000000e+06
1.883474704499607469e+03 1.339371875000000000e+06
1.883495537478043616e+03 1.339508625000000000e+06
1.883516370456014101e+03 1.339446375000000000e+06
1.883537203432122169e+03 1.339455875000000000e+06
1.883558036407299369e+03 1.339353125000000000e+06
1.883578869381078675e+03 1.339497125000000000e+06
1.883599702354392321e+03 1.339470500000000000e+06
1.883620535326309891e+03 1.339489875000000000e+06
1.883641368297760891e+03 1.339375375000000000e+06
1.883662201268281024e+03 1.339510625000000000e+06
1.883683034238335949e+03 1.339445750000000000e+06
1.883703867207924304e+03 1.339402500000000000e+06
1.883724700177513569e+03 1.339559875000000000e+06
1.883745533147101924e+03 1.339586375000000000e+06
1.883766366116690278e+03 1.339533375000000000e+06
1.883787199086744977e+03 1.339553875000000000e+06
1.883808032057265336e+03 1.339521125000000000e+06
1.883828865028716336e+03 1.339636875000000000e+06
1.883849698001098659e+03 1.339547750000000000e+06
1.883870530974878875e+03 1.339710250000000000e+06
1.883891363950055165e+03 1.339704125000000000e+06
1.883912196927560672e+03 1.339589625000000000e+06
1.883933029906928368e+03 1.339215375000000000e+06
1.883953862888623917e+03 1.339137750000000000e+06
1.883974695873114342e+03 1.339422625000000000e+06
1.886932992987528678e+03 1.339562250000000000e+06
1.886953826029170614e+03 1.339876500000000000e+06
1.886974659069414429e+03 1.339812750000000000e+06
1.886995492109193037e+03 1.339677875000000000e+06
1.887016325148039414e+03 1.339946750000000000e+06
1.887037158185954468e+03 1.339848750000000000e+06
1.887057991222473902e+03 1.339877375000000000e+06
1.887078824258527675e+03 1.339800125000000000e+06
1.887099657293649216e+03 1.339799000000000000e+06
1.887120490327373318e+03 1.339497500000000000e+06
1.887141323360631759e+03 1.339741125000000000e+06
1.887162156392494126e+03 1.339927750000000000e+06
1.887182989423891286e+03 1.339595125000000000e+06
1.887203822453891462e+03 1.339742875000000000e+06
1.887224655483425067e+03 1.339788125000000000e+06
1.887245488511561234e+03 1.339621750000000000e+06
1.887266321539231740e+03 1.339569125000000000e+06
1.887287154565506171e+03 1.339758875000000000e+06
1.887307987590849734e+03 1.339615000000000000e+06
1.887328820615727636e+03 1.339489875000000000e+06
1.887349653639207190e+03 1.339682125000000000e+06
1.887370486661755422e+03 1.339665375000000000e+06
1.887391319683372785e+03 1.339745750000000000e+06
1.887412152704524942e+03 1.339501875000000000e+06
1.887432985724279661e+03 1.339588125000000000e+06
1.887453818743103966e+03 1.339586125000000000e+06
1.887474651760996494e+03 1.339793000000000000e+06
1.887495484777956790e+03 1.339546875000000000e+06
1.887537150809084778e+03 1.339894750000000000e+06
1.887557983823251561e+03 1.339596500000000000e+06
1.887578816836487476e+03 1.339740750000000000e+06
1.887599649848791842e+03 1.339315000000000000e+06
1.887620482860164884e+03 1.339221750000000000e+06
1.887641315870606832e+03 1.339094125000000000e+06
1.887662148880117002e+03 1.339361375000000000e+06
1.887682981888696304e+03 1.339609125000000000e+06
1.887703814895877713e+03 1.339674750000000000e+06
1.887724647902593460e+03 1.339537375000000000e+06
1.887745480908379250e+03 1.339716625000000000e+06
1.887766313913233716e+03 1.339533875000000000e+06
1.887787146916690290e+03 1.339741000000000000e+06
1.887807979919681657e+03 1.339718000000000000e+06
1.887828812921740791e+03 1.339633625000000000e+06
1.887849645922402942e+03 1.339515000000000000e+06
1.887870478922599887e+03 1.339382125000000000e+06
1.887891311921400302e+03 1.339846875000000000e+06
1.887912144919735510e+03 1.339691500000000000e+06
1.887932977916672826e+03 1.339351125000000000e+06
1.887953810913144025e+03 1.339699125000000000e+06
1.887974643908219150e+03 1.339570125000000000e+06
1.887995476902828159e+03 1.339582250000000000e+06
1.888016309896040639e+03 1.339653250000000000e+06
1.888037142888321341e+03 1.339407875000000000e+06
1.888057975880135928e+03 1.339520125000000000e+06
1.888078808870554440e+03 1.339610625000000000e+06
1.888099641860042084e+03 1.339558125000000000e+06
1.888120474848597496e+03 1.339634875000000000e+06
1.888141307836687702e+03 1.339328250000000000e+06
1.888162140823380014e+03 1.339434375000000000e+06
1.888182973809141004e+03 1.339554250000000000e+06
1.888203806793971125e+03 1.339527875000000000e+06
1.888224639777870379e+03 1.339564125000000000e+06
1.888245472760837856e+03 1.339485625000000000e+06
1.888266305742874920e+03 1.339456625000000000e+06
1.888287138723980206e+03 1.339539000000000000e+06
1.888307971704153260e+03 1.339505125000000000e+06
1.888328804683395447e+03 1.339496250000000000e+06
1.888349637661706765e+03 1.339153250000000000e+06
1.888370470639086534e+03 1.339101000000000000e+06
1.888391303615534298e+03 1.339062125000000000e+06
1.888412136591050739e+03 1.339465625000000000e+06
1.888432969565636540e+03 1.339585375000000000e+06
1.888453802539291246e+03 1.339538375000000000e+06
1.888474635512015084e+03 1.339438000000000000e+06
1.888495468483341938e+03 1.339401875000000000e+06
1.888516301454201766e+03 1.339475750000000000e+06
1.888537134424130272e+03 1.339421250000000000e+06
1.888557967393127910e+03 1.339566875000000000e+06
1.888578800360729019e+03 1.339649250000000000e+06
1.888599633327864012e+03 1.339488875000000000e+06
1.888620466294067228e+03 1.339529250000000000e+06
1.888641299258873460e+03 1.339386250000000000e+06
1.888662132223214940e+03 1.339483625000000000e+06
1.888682965186624642e+03 1.339314125000000000e+06
1.888703798148637816e+03 1.339466625000000000e+06
1.888724631110185783e+03 1.339357375000000000e+06
1.888745464070335856e+03 1.339443500000000000e+06
1.888766297030019814e+03 1.339386375000000000e+06
1.888787129988307697e+03 1.339609750000000000e+06
1.888807962946129464e+03 1.339392250000000000e+06
1.888828795902554702e+03 1.339492000000000000e+06
1.888849628858513370e+03 1.339499375000000000e+06
1.888870461813075053e+03 1.339389125000000000e+06
1.888891294766705869e+03 1.339421125000000000e+06
1.888912127719871478e+03 1.339365625000000000e+06
1.888932960671639648e+03 1.339438750000000000e+06
1.888953793622476951e+03 1.339286500000000000e+06
1.888974626572847683e+03 1.339609750000000000e+06
1.888995459521821886e+03 1.339540625000000000e+06
1.889016292469865675e+03 1.339424375000000000e+06
1.889037125417443349e+03 1.339489250000000000e+06
1.889057958363623584e+03 1.339474000000000000e+06
1.889078791308872951e+03 1.339184750000000000e+06
1.889099624253190086e+03 1.338907625000000000e+06
1.889120457197041560e+03 1.339037000000000000e+06
1.889141290139496505e+03 1.339419125000000000e+06
1.889162123081020582e+03 1.339411750000000000e+06
1.889182956021612881e+03 1.339319625000000000e+06
1.889203788961273403e+03 1.339495125000000000e+06
1.889224621900002603e+03 1.339383000000000000e+06
1.889245454837801390e+03 1.339459250000000000e+06
1.889266287774668626e+03 1.339400125000000000e+06
1.889287120710604540e+03 1.339612625000000000e+06
1.889307953645609359e+03 1.339432000000000000e+06
1.889328786579681946e+03 1.339322750000000000e+06
1.889349619512823665e+03 1.339486000000000000e+06
1.889370452445034971e+03 1.339418875000000000e+06
1.889391285376314499e+03 1.339404500000000000e+06
1.889412118306662251e+03 1.339603000000000000e+06
1.889432951236078225e+03 1.339509250000000000e+06
1.889453784164562876e+03 1.339532875000000000e+06
1.889474617092117114e+03 1.339461500000000000e+06
1.889495450018739575e+03 1.339161875000000000e+06
1.889516282944431168e+03 1.339329250000000000e+06
1.889537115869190984e+03 1.339527000000000000e+06
1.889557948793019023e+03 1.339520750000000000e+06
1.889578781715450077e+03 1.339467875000000000e+06
1.889599614637416380e+03 1.339502125000000000e+06
1.889620447558450905e+03 1.339446625000000000e+06
1.889641280478554563e+03 1.339555250000000000e+06
1.889662113397260327e+03 1.339423375000000000e+06
1.889682946315500431e+03 1.339369625000000000e+06
1.889703779232809666e+03 1.339520625000000000e+06
1.889724612149188033e+03 1.339498500000000000e+06
1.889745445064168962e+03 1.339500875000000000e+06
1.889766277978684684e+03 1.339561000000000000e+06
1.889787110892268174e+03 1.339338500000000000e+06
1.889807943804454681e+03 1.339240375000000000e+06
1.889828776716175980e+03 1.338975750000000000e+06
1.889849609626966412e+03 1.339019875000000000e+06
1.889870442536359405e+03 1.338997875000000000e+06
1.889891275445286283e+03 1.339403875000000000e+06
1.889912108352816176e+03 1.339416125000000000e+06
1.889932941259881318e+03 1.339496250000000000e+06
1.889953774165549021e+03 1.339399750000000000e+06
1.889974607070751517e+03 1.339497875000000000e+06
1.889995439975022236e+03 1.339581500000000000e+06
1.890016272877896427e+03 1.339429375000000000e+06
1.890037105779838839e+03 1.339585125000000000e+06
1.890057938681316045e+03 1.339545625000000000e+06
1.890078771581395813e+03 1.339572375000000000e+06
1.890099604481010374e+03 1.339641000000000000e+06
1.890120437379227042e+03 1.339450875000000000e+06
1.890141270276978048e+03 1.339561000000000000e+06
1.890162103173332525e+03 1.339523125000000000e+06
1.890182936068756135e+03 1.339241250000000000e+06
1.890203768963713856e+03 1.339520125000000000e+06
1.890224601857274592e+03 1.339393750000000000e+06
1.890245434749903325e+03 1.339457000000000000e+06
1.890266267642066396e+03 1.339506125000000000e+06
1.890287100532833392e+03 1.339503625000000000e+06
1.890307933422668611e+03 1.339249500000000000e+06
1.890328766311572963e+03 1.339337375000000000e+06
1.890349599200010744e+03 1.339548125000000000e+06
1.890370432087051540e+03 1.339338500000000000e+06
1.890391264973161469e+03 1.339290625000000000e+06
1.890412097858340530e+03 1.339392000000000000e+06
1.890432930742587814e+03 1.339354625000000000e+06
1.890453763626369891e+03 1.339414250000000000e+06
1.890474596508754075e+03 1.339272750000000000e+06
1.890495429390206937e+03 1.339315750000000000e+06
1.890516262270728475e+03 1.339391375000000000e+06
1.890537095150318692e+03 1.339519375000000000e+06
1.890557928028978040e+03 1.338909250000000000e+06
1.890578760906706520e+03 1.338823875000000000e+06
1.890599593783502769e+03 1.338895500000000000e+06
1.890620426659367695e+03 1.339436375000000000e+06
1.890641259534301753e+03 1.339498500000000000e+06
1.890662092408304943e+03 1.339425875000000000e+06
1.890682925281376356e+03 1.339481875000000000e+06
1.890703758153515992e+03 1.339325125000000000e+06
1.890724591024724305e+03 1.339349750000000000e+06
1.890745423894536543e+03 1.339302750000000000e+06
1.890766256763882666e+03 1.339413000000000000e+06
1.890787089632297921e+03 1.339418125000000000e+06
1.890807922499781398e+03 1.339280750000000000e+06
1.890828755366333098e+03 1.339408750000000000e+06
1.890849588231487814e+03 1.339417375000000000e+06
1.890870421096177779e+03 1.339328375000000000e+06
1.890891253959935966e+03 1.339409250000000000e+06
1.890912086822297624e+03 1.339459000000000000e+06
1.890932919684192711e+03 1.339494500000000000e+06
1.890953752545156476e+03 1.339459625000000000e+06
1.890974585404723712e+03 1.339350875000000000e+06
1.890995418263825741e+03 1.339444000000000000e+06
1.891016251121530331e+03 1.339331000000000000e+06
1.891037083978769715e+03 1.339526125000000000e+06
1.891057916834611206e+03 1.339510375000000000e+06
1.891078749689987035e+03 1.339483750000000000e+06
1.891099582543966335e+03 1.339536125000000000e+06
1.891120415397480429e+03 1.339437625000000000e+06
1.891141248249597083e+03 1.339445625000000000e+06
1.891162081101247168e+03 1.339460375000000000e+06
1.891182913951499813e+03 1.339405625000000000e+06
1.891203746800822955e+03 1.339636375000000000e+06
1.891224579649214320e+03 1.339117125000000000e+06
1.891245412497140478e+03 1.339547250000000000e+06
1.891266245343669198e+03 1.339580625000000000e+06
1.891287078189266140e+03 1.339300250000000000e+06
1.891307911033931759e+03 1.339008500000000000e+06
1.891328743877666966e+03 1.338930250000000000e+06
1.891349576720470395e+03 1.339410125000000000e+06
1.891370409562342957e+03 1.339350000000000000e+06
1.891391242403283286e+03 1.339523250000000000e+06
1.891412075243292293e+03 1.339277000000000000e+06
1.891432908082370432e+03 1.339356250000000000e+06
1.891453740920517703e+03 1.339378000000000000e+06
1.891495406594017822e+03 1.339342625000000000e+06
1.891516239429369534e+03 1.339469125000000000e+06
1.891537072263789923e+03 1.339223250000000000e+06
1.891557905096814693e+03 1.339477875000000000e+06
1.891578737929373801e+03 1.339344625000000000e+06
1.891599570761001814e+03 1.339353250000000000e+06
1.891620403591231934e+03 1.339370500000000000e+06
1.891641236420996393e+03 1.339406250000000000e+06
1.891662069249364322e+03 1.339286125000000000e+06
1.891682902077267045e+03 1.339382750000000000e+06
1.891703734903772329e+03 1.339396125000000000e+06
1.891724567729812406e+03 1.339444875000000000e+06
1.891745400554454591e+03 1.339239625000000000e+06
1.891766233378165452e+03 1.339396125000000000e+06
1.891787066201410653e+03 1.339245375000000000e+06
1.891807899023258869e+03 1.339345500000000000e+06
1.891828731844176218e+03 1.339391250000000000e+06
1.891849564664161790e+03 1.339517750000000000e+06
1.891870397483216038e+03 1.339377875000000000e+06
1.891891230301339874e+03 1.339406375000000000e+06
1.891912063118531933e+03 1.339390500000000000e+06
1.891932895934793123e+03 1.339373250000000000e+06
1.891953728750122536e+03 1.339453125000000000e+06
1.891974561564520172e+03 1.339408875000000000e+06
1.891995394377986486e+03 1.339395875000000000e+06
1.892016227190055815e+03 1.339314500000000000e+06
1.892037060001659484e+03 1.338919000000000000e+06
1.892057892812332739e+03 1.338899625000000000e+06
1.892078725621608555e+03 1.338942000000000000e+06
1.892099558430418256e+03 1.339468750000000000e+06
1.892120391237830972e+03 1.339404875000000000e+06
1.892141224044778937e+03 1.339234125000000000e+06
1.892162056850329463e+03 1.339249250000000000e+06
1.892182889654949122e+03 1.339311125000000000e+06
1.892203722458636548e+03 1.339531500000000000e+06
1.892224555261857404e+03 1.339344875000000000e+06
1.892245388063682185e+03 1.339431375000000000e+06
1.892266220864576553e+03 1.339358125000000000e+06
1.892287053664539144e+03 1.339448500000000000e+06
1.892307886463105206e+03 1.339382125000000000e+06
1.892328719261204697e+03 1.339476750000000000e+06
1.892349552058372865e+03 1.339510000000000000e+06
1.892370384854610165e+03 1.339431625000000000e+06
1.892391217649450937e+03 1.339353500000000000e+06
1.892412050443825137e+03 1.339411500000000000e+06
1.892432883236801445e+03 1.339289750000000000e+06
1.892453716029313000e+03 1.339193875000000000e+06
1.892474548820428481e+03 1.339459625000000000e+06
1.892495381610612185e+03 1.339405750000000000e+06
1.892557879976041022e+03 1.339313750000000000e+06
1.892578712762498526e+03 1.339383500000000000e+06
1.892599545548025162e+03 1.339331750000000000e+06
1.892620378332155269e+03 1.339521750000000000e+06
1.892641211115820170e+03 1.339361875000000000e+06
1.892662043898552838e+03 1.339485375000000000e+06
1.892682876679888523e+03 1.339360875000000000e+06
1.892703709460759001e+03 1.339423750000000000e+06
1.892724542240232040e+03 1.339321375000000000e+06
1.892745375018773757e+03 1.339507750000000000e+06
1.892766207796850722e+03 1.338918125000000000e+06
1.892787040573529794e+03 1.338782875000000000e+06
1.892807873349277543e+03 1.338814875000000000e+06
1.892828706124094424e+03 1.339241375000000000e+06
1.892849538897980437e+03 1.339329875000000000e+06
1.892870371670468558e+03 1.339270250000000000e+06
1.892891204442490107e+03 1.339337875000000000e+06
1.892912037213115582e+03 1.339446625000000000e+06
1.892932869983276305e+03 1.339488250000000000e+06
1.892953702752039590e+03 1.339364625000000000e+06
1.892974535519872006e+03 1.339405125000000000e+06
1.892995368287238307e+03 1.339468875000000000e+06
1.893016201053206714e+03 1.339406750000000000e+06
1.893037033818243344e+03 1.339329625000000000e+06
1.893057866581884809e+03 1.339421750000000000e+06
1.893078699345060159e+03 1.339347000000000000e+06
1.893099532107304640e+03 1.339450125000000000e+06
1.893120364868151228e+03 1.339360125000000000e+06
1.893141197628065584e+03 1.339403875000000000e+06
1.893162030387515188e+03 1.339544750000000000e+06
1.893182863145568717e+03 1.339285875000000000e+06
1.893203695902690470e+03 1.339510000000000000e+06
1.893224528658881354e+03 1.339477000000000000e+06
1.893245361414140007e+03 1.339525250000000000e+06
1.893266194168000766e+03 1.339273750000000000e+06
1.893287026921396773e+03 1.339455125000000000e+06
1.893307859673396706e+03 1.339382500000000000e+06
1.893328692424464862e+03 1.339422625000000000e+06
1.893349525175066901e+03 1.339396875000000000e+06
1.893370357924271957e+03 1.339373250000000000e+06
1.893391190672080029e+03 1.339387875000000000e+06
1.893412023419422439e+03 1.339372625000000000e+06
1.893432856165834437e+03 1.339417250000000000e+06
1.893453688910848996e+03 1.339434375000000000e+06
1.893474521655397439e+03 1.339390250000000000e+06
1.893495354398548898e+03 1.339179500000000000e+06
1.893516187140769034e+03 1.338984000000000000e+06
1.893537019882057848e+03 1.339010875000000000e+06
1.893557852621950587e+03 1.339266125000000000e+06
1.893578685361376756e+03 1.339544125000000000e+06
1.893599518099405941e+03 1.339631375000000000e+06
1.893620350836969465e+03 1.339634500000000000e+06
1.893641183573136004e+03 1.339471875000000000e+06
1.893662016308372131e+03 1.339537375000000000e+06
1.893682849042676480e+03 1.339586625000000000e+06
1.893703681775583391e+03 1.339434750000000000e+06
1.893724514508023958e+03 1.339545625000000000e+06
1.893745347239068224e+03 1.339436125000000000e+06
1.893766179969181849e+03 1.339479375000000000e+06
1.893787012698364379e+03 1.339399125000000000e+06
1.893807845426615131e+03 1.339445125000000000e+06
1.893828678153467990e+03 1.339574000000000000e+06
1.893849510879854734e+03 1.339568625000000000e+06
1.893870343604846312e+03 1.339529000000000000e+06
1.893891176328906113e+03 1.339424250000000000e+06
1.893912009052035046e+03 1.339493875000000000e+06
1.893932841774230837e+03 1.339407000000000000e+06
1.893953674495030100e+03 1.339444500000000000e+06
1.893974507215364611e+03 1.339484250000000000e+06
1.893995339934302592e+03 1.339481500000000000e+06
1.894016172652308796e+03 1.339350000000000000e+06
1.894037005368917562e+03 1.339437375000000000e+06
1.894057838085060212e+03 1.339468000000000000e+06
1.894078670799806332e+03 1.339389375000000000e+06
1.894099503513621585e+03 1.339478500000000000e+06
1.894120336226505970e+03 1.339421000000000000e+06
1.894141168938458122e+03 1.339476375000000000e+06
1.894162001649478043e+03 1.339355000000000000e+06
1.894182834359101889e+03 1.339494125000000000e+06
1.894203667067795323e+03 1.339424500000000000e+06
1.894224499775556524e+03 1.339418125000000000e+06
1.894245332481920741e+03 1.339029500000000000e+06
1.894266165187819752e+03 1.338832375000000000e+06
1.894286997892321324e+03 1.339102625000000000e+06
1.894307830595891119e+03 1.339359250000000000e+06
1.894328663298064384e+03 1.339393125000000000e+06
1.894349495999772444e+03 1.339444250000000000e+06
1.894370328700083974e+03 1.339426500000000000e+06
1.894391161399463272e+03 1.339447875000000000e+06
1.894411994097444676e+03 1.339367125000000000e+06
1.894432826794961329e+03 1.339412125000000000e+06
1.894453659491081908e+03 1.339435000000000000e+06
1.894474492186270709e+03 1.339391375000000000e+06
1.894495324880527733e+03 1.339304875000000000e+06
1.894516157573387318e+03 1.339299625000000000e+06
1.894536990265316035e+03 1.339286250000000000e+06
1.894557822956313885e+03 1.339379625000000000e+06
1.894578655645914296e+03 1.339363375000000000e+06
1.894599488335049045e+03 1.339433125000000000e+06
1.894620321022786811e+03 1.339221750000000000e+06
1.894641153709127593e+03 1.339333125000000000e+06
1.894661986395002714e+03 1.339283875000000000e+06
1.894682819079480851e+03 1.339427000000000000e+06
1.894703651763028574e+03 1.339499000000000000e+06
1.894724484445178859e+03 1.339322375000000000e+06
1.894745317126396912e+03 1.339326875000000000e+06
1.894766149806683188e+03 1.339325125000000000e+06
1.894786982486039960e+03 1.339179875000000000e+06
1.894807815163999294e+03 1.339365875000000000e+06
1.894828647841026850e+03 1.339274750000000000e+06
1.894849480517122629e+03 1.339308750000000000e+06
1.894870313191821879e+03 1.339122375000000000e+06
1.894891145865590261e+03 1.339235250000000000e+06
1.894911978538426865e+03 1.339264750000000000e+06
1.894932811209866486e+03 1.339234500000000000e+06
1.894953643880375694e+03 1.339095125000000000e+06
1.894974476549486099e+03 1.338980250000000000e+06
1.894995309217665636e+03 1.338718250000000000e+06
1.895016141884914759e+03 1.338721125000000000e+06
1.895036974551233016e+03 1.339298250000000000e+06
1.895057807216153378e+03 1.339358875000000000e+06
1.895078639880141509e+03 1.339402250000000000e+06
1.895099472542733565e+03 1.339230625000000000e+06
1.895120305204395208e+03 1.339184375000000000e+06
1.895141137865124620e+03 1.339258125000000000e+06
1.895161970524457047e+03 1.339339000000000000e+06
1.895182803182392945e+03 1.339342125000000000e+06
1.895203635839862272e+03 1.339220125000000000e+06
1.895224468495934161e+03 1.339325875000000000e+06
1.895245301150610885e+03 1.339234750000000000e+06
1.895266133804821493e+03 1.339430500000000000e+06
1.895286966457169001e+03 1.339372000000000000e+06
1.895307799109050848e+03 1.339316500000000000e+06
1.895328631759070049e+03 1.339448000000000000e+06
1.895349464408623135e+03 1.339551250000000000e+06
1.895370297056779691e+03 1.339393750000000000e+06
1.895391129703539718e+03 1.340063875000000000e+06
1.895411962349368878e+03 1.339265125000000000e+06
1.895432794994264896e+03 1.339201500000000000e+06
1.895453627637764384e+03 1.339306625000000000e+06
1.895474460280333460e+03 1.339445125000000000e+06
1.895495292921505097e+03 1.339480125000000000e+06
1.895516125561279750e+03 1.339422375000000000e+06
1.895536958200123991e+03 1.339381750000000000e+06
1.895557790838035089e+03 1.339380875000000000e+06
1.895578623474549659e+03 1.339434250000000000e+06
1.895599456110133815e+03 1.339383125000000000e+06
1.895620288744321442e+03 1.339395750000000000e+06
1.895641121377111176e+03 1.339322250000000000e+06
1.895661954009434339e+03 1.339318375000000000e+06
1.895682786639895767e+03 1.339466000000000000e+06
1.895703619269425872e+03 1.339243500000000000e+06
1.895724451897558993e+03 1.338886500000000000e+06
1.895745284524761701e+03 1.339012125000000000e+06
1.895766117150566515e+03 1.339184500000000000e+06
1.895786949775439098e+03 1.339394250000000000e+06
1.895807782398915606e+03 1.339238875000000000e+06
1.895828615020995130e+03 1.339301250000000000e+06
1.895849447642143332e+03 1.339395000000000000e+06
1.895870280262361121e+03 1.339449500000000000e+06
1.895891112880714445e+03 1.339506500000000000e+06
1.895911945498136902e+03 1.339307625000000000e+06
1.895932778114628945e+03 1.339483125000000000e+06
1.895953610729257889e+03 1.339388250000000000e+06
1.895974443342955510e+03 1.339392750000000000e+06
1.895995275955722718e+03 1.339407000000000000e+06
1.896016108566625462e+03 1.339485875000000000e+06
1.896036941176597338e+03 1.339431250000000000e+06
1.896057773785638801e+03 1.339466750000000000e+06
1.896078606392817164e+03 1.339432500000000000e+06
1.896099438999064205e+03 1.339406625000000000e+06
1.896120271604379923e+03 1.339325625000000000e+06
1.896141104207832541e+03 1.339475875000000000e+06
1.896161936810354291e+03 1.339481625000000000e+06
1.896182769411479512e+03 1.339432750000000000e+06
1.896203602011207295e+03 1.339504250000000000e+06
1.896224434610003755e+03 1.339477125000000000e+06
1.896245267206937569e+03 1.339265125000000000e+06
1.896266099802939607e+03 1.339403625000000000e+06
1.896286932397545115e+03 1.339404875000000000e+06
1.896307764991219756e+03 1.339456750000000000e+06
1.896328597583031296e+03 1.339597625000000000e+06
1.896349430173911060e+03 1.339457375000000000e+06
1.896370262762928633e+03 1.339459500000000000e+06
1.896391095351014883e+03 1.339376000000000000e+06
1.896411927937704149e+03 1.339410750000000000e+06
1.896432760523462548e+03 1.339289125000000000e+06
1.896453593107357847e+03 1.338871625000000000e+06
1.896474425689855707e+03 1.338785125000000000e+06
1.896495258271421790e+03 1.339109000000000000e+06
1.896516090851126137e+03 1.339454125000000000e+06
1.896536923429900071e+03 1.339306000000000000e+06
1.896557756006810450e+03 1.338918125000000000e+06
1.896578588582788598e+03 1.339474875000000000e+06
1.896599421157370671e+03 1.339029000000000000e+06
1.896620253730090099e+03 1.338896125000000000e+06
1.896641086301878204e+03 1.338970500000000000e+06
1.896661918872269325e+03 1.338937875000000000e+06
1.896682751440797801e+03 1.339250750000000000e+06
1.896703584008394955e+03 1.338933375000000000e+06
1.896724416574128554e+03 1.338886625000000000e+06
1.896745249138931740e+03 1.338971500000000000e+06
1.896766081701873190e+03 1.339356875000000000e+06
1.896786914263416747e+03 1.339060250000000000e+06
1.896807746823563321e+03 1.339054625000000000e+06
1.896828579382312000e+03 1.339075750000000000e+06
1.896849411939664151e+03 1.338969625000000000e+06
1.896870244495154566e+03 1.339047000000000000e+06
1.896891077049713203e+03 1.339037000000000000e+06
1.896911909602409196e+03 1.339145250000000000e+06
1.896932742153708205e+03 1.339179000000000000e+06
1.896953574703144113e+03 1.339187375000000000e+06
1.896974407251649154e+03 1.339040500000000000e+06
1.896995239798291550e+03 1.339094750000000000e+06
1.897016072343536962e+03 1.338838125000000000e+06
1.897036904886920183e+03 1.338966250000000000e+06
1.897057737429371173e+03 1.338906125000000000e+06
1.897078569969959062e+03 1.338945875000000000e+06
1.897099402508685216e+03 1.338868500000000000e+06
1.897120235046014386e+03 1.339047500000000000e+06
1.897141067581947482e+03 1.339194000000000000e+06
1.897161900116481775e+03 1.339108625000000000e+06
1.897182732649153877e+03 1.338720625000000000e+06
1.897203565179963789e+03 1.339003125000000000e+06
1.897224397709376717e+03 1.338716000000000000e+06
1.897245230237393116e+03 1.338476500000000000e+06
1.897266062763546415e+03 1.338766375000000000e+06
1.897286895288302276e+03 1.338959000000000000e+06
1.897307727811195036e+03 1.339773875000000000e+06
1.897328560332691723e+03 1.339711750000000000e+06
1.897349392852326673e+03 1.339725250000000000e+06
1.897370225370563730e+03 1.339553125000000000e+06
1.897391057886937233e+03 1.339599875000000000e+06
1.897411890401914206e+03 1.339562750000000000e+06
1.897432722915028990e+03 1.339637125000000000e+06
1.897453555426281127e+03 1.339620250000000000e+06
1.897474387936136281e+03 1.339554625000000000e+06
1.897495220444594906e+03 1.339598250000000000e+06
1.897516052950724315e+03 1.339525000000000000e+06
1.897536885455921947e+03 1.339559000000000000e+06
1.897557717958792182e+03 1.339552625000000000e+06
1.897578550460731094e+03 1.339606375000000000e+06
1.897599382960341700e+03 1.339565875000000000e+06
1.897620215458554867e+03 1.339549625000000000e+06
1.897641047955371505e+03 1.339620250000000000e+06
1.897661880450325498e+03 1.339536125000000000e+06
1.897682712943882507e+03 1.339665250000000000e+06
1.897703545435576871e+03 1.339564500000000000e+06
1.897724377925874251e+03 1.339676250000000000e+06
1.897745210414773737e+03 1.339645000000000000e+06
1.897766042901811034e+03 1.339625250000000000e+06
