#iRMS=4.267482655e-05	0
#	lk
#	
1150.0	0.004218
1155.0	0.002700
1160.0	0.001559
1165.0	0.001032
1170.0	0.000821
1175.0	0.000454
1180.0	0.000417
1185.0	0.000226
1190.0	0.000000
1195.0	0.000095
1200.0	0.000605
1205.0	0.001548
1210.0	0.005655
1215.0	0.008670
1220.0	0.004748
1225.0	0.001014
1230.0	0.000255
1235.0	0.000225
1240.0	0.000245
1245.0	0.000259
1250.0	0.000205
1255.0	0.000164
1260.0	0.000184
1265.0	0.000129
1270.0	0.000095
1275.0	0.000205
1280.0	0.000269
1285.0	0.000289
1290.0	0.000222
1295.0	0.000204
1300.0	0.000340
1305.0	0.000368
1310.0	0.000249
1315.0	0.000253
1320.0	0.000232
1325.0	0.000221
1330.0	0.000326
1335.0	0.000419
1340.0	0.000266
1345.0	0.000203
1350.0	0.000203
1355.0	0.000181
1360.0	0.000173
1365.0	0.000219
1370.0	0.000221
1375.0	0.000174
1380.0	0.000214
1385.0	0.000239
1390.0	0.000254
1395.0	0.000304
1400.0	0.000291
1405.0	0.000255
1410.0	0.000233
1415.0	0.000286
1420.0	0.000266
1425.0	0.000272
1430.0	0.000318
1435.0	0.000309
1440.0	0.000255
1445.0	0.000273
1450.0	0.000305
1455.0	0.000335
1460.0	0.000304
1465.0	0.000365
1470.0	0.000421
1475.0	0.000434
1480.0	0.000417
1485.0	0.000454
1490.0	0.000434
1495.0	0.000472
1500.0	0.000495
1505.0	0.000423
1510.0	0.000389
1515.0	0.000469
1520.0	0.000534
1525.0	0.000604
1530.0	0.000660
1535.0	0.000545
1540.0	0.000530
1545.0	0.000664
1550.0	0.000797
1555.0	0.000747
1560.0	0.000614
1565.0	0.000548
1570.0	0.000603
1575.0	0.000649
1580.0	0.000595
1585.0	0.000553
1590.0	0.000519
1595.0	0.000521
1600.0	0.000542
1605.0	0.000588
1610.0	0.000661
1615.0	0.000708
1620.0	0.000610
1625.0	0.000647
1630.0	0.000770
1635.0	0.000839
1640.0	0.000740
1645.0	0.000786
1650.0	0.000861
1655.0	0.000941
1660.0	0.000973
1665.0	0.000895
1670.0	0.000822
1675.0	0.000930
1680.0	0.000971
1685.0	0.000887
1690.0	0.000991
1695.0	0.001179
1700.0	0.001272
1705.0	0.001308
1710.0	0.001278
1715.0	0.001373
1720.0	0.001470
1725.0	0.001524
1730.0	0.001529
1735.0	0.001534
1740.0	0.001627
1745.0	0.001820
1750.0	0.002036
1755.0	0.002186
1760.0	0.002329
1765.0	0.002442
1770.0	0.002660
1775.0	0.002935
1780.0	0.003124
1785.0	0.002752
1790.0	0.002108
1795.0	0.002832
1800.0	0.003188
1805.0	0.003270
1810.0	0.003611
1815.0	0.003972
1820.0	0.004299
1825.0	0.004372
1830.0	0.004219
1835.0	0.004278
1840.0	0.004020
1845.0	0.003688
1850.0	0.003715
1855.0	0.004222
1860.0	0.004520
1865.0	0.004887
1870.0	0.005335
1875.0	0.006344
1880.0	0.007690
1885.0	0.008139
1890.0	0.009272
1895.0	0.008011
1900.0	0.006859
1905.0	0.008702
1910.0	0.009708
1915.0	0.010092
1920.0	0.009597
1925.0	0.009109
1930.0	0.007672
1935.0	0.007722
1940.0	0.010346
1945.0	0.012172
1950.0	0.011925
1955.0	0.008668
1960.0	0.005170
1965.0	0.008492
1970.0	0.012396
1975.0	0.008267
1980.0	0.012152
1985.0	0.013540
1990.0	0.009477
1995.0	0.016207
2000.0	0.016881
2005.0	0.013789
2010.0	0.017562
2015.0	0.021060
2020.0	0.017936
2025.0	0.020307
2030.0	0.022083
2035.0	0.014243
2040.0	0.018543
2045.0	0.021863
2050.0	0.027790
2055.0	0.021163
2060.0	0.018227
2065.0	0.029155
2070.0	0.032601
2075.0	0.031551
2080.0	0.031408
2085.0	0.031796
2090.0	0.030866
2095.0	0.033903
2100.0	0.042639
2105.0	0.051847
2110.0	0.051301
2115.0	0.055334
2120.0	0.063527
2125.0	0.059360
2130.0	0.050342
2135.0	0.051207
2140.0	0.053985
2145.0	0.058494
2150.0	0.060189
2155.0	0.059765
2160.0	0.053320
2165.0	0.051288
2170.0	0.043413
2175.0	0.038987
2180.0	0.046286
2185.0	0.057207
2190.0	0.071306
2195.0	0.077964
2200.0	0.076043
2205.0	0.066059
2210.0	0.051712
2215.0	0.052809
2220.0	0.057818
2225.0	0.065521
2230.0	0.067717
2235.0	0.074511
2240.0	0.071353
2245.0	0.067166
2250.0	0.068814
2255.0	0.062303
2260.0	0.054409
2265.0	0.046721
2270.0	0.049844
2275.0	0.056082
2280.0	0.062558
2285.0	0.065625
2290.0	0.063806
2295.0	0.056690
2300.0	0.063833
2305.0	0.070566
2310.0	0.067539
2315.0	0.061160
2320.0	0.063742
2325.0	0.068536
2330.0	0.054697
2335.0	0.041770
2340.0	0.036990
2345.0	0.039962
2350.0	0.046009
2355.0	0.051153
2360.0	0.047665
2365.0	0.052902
2370.0	0.054836
2375.0	0.057533
2380.0	0.049233
2385.0	0.037287
2390.0	0.037769
2395.0	0.038161
2400.0	0.032024
2405.0	0.030326
2410.0	0.038173
2415.0	0.054793
2420.0	0.073462
2425.0	0.080548
2430.0	0.073233
2435.0	0.071906
2440.0	0.074007
2445.0	0.065647
2450.0	0.059439
2455.0	0.060030
2460.0	0.058181
2465.0	0.052838
2470.0	0.055746
2475.0	0.054166
2480.0	0.051212
2485.0	0.052068
2490.0	0.053588
2495.0	0.068002
2500.0	0.072359
2505.0	0.067438
2510.0	0.057801
2515.0	0.046259
2520.0	0.042663
2525.0	0.043281
2530.0	0.053670
2535.0	0.057171
2540.0	0.054761
2545.0	0.061182
2550.0	0.072506
2555.0	0.077334
2560.0	0.085547
2565.0	0.108902
2570.0	0.113589
2575.0	0.095442
2580.0	0.096804
2585.0	0.105142
2590.0	0.103484
2595.0	0.086246
2600.0	0.074590
2605.0	0.075660
2610.0	0.075932
2615.0	0.087947
2620.0	0.088551
2625.0	0.088395
2630.0	0.118978
2635.0	0.169675
2640.0	0.203102
2645.0	0.198938
2650.0	0.201401
2655.0	0.215336
2660.0	0.195814
2665.0	0.193099
2670.0	0.198108
2675.0	0.198876
2680.0	0.193597
2685.0	0.191595
2690.0	0.187079
2695.0	0.195851
2700.0	0.215186
2705.0	0.210582
2710.0	0.190872
2715.0	0.171855
2720.0	0.164583
2725.0	0.177746
2730.0	0.182985
2735.0	0.150350
2740.0	0.113138
2745.0	0.113127
2750.0	0.126528
2755.0	0.150211
2760.0	0.173404
2765.0	0.186507
2770.0	0.185088
2775.0	0.169270
2780.0	0.144415
2785.0	0.112572
2790.0	0.081471
2795.0	0.064216
2800.0	0.068309
2805.0	0.094559
2810.0	0.141763
2815.0	0.207705
2820.0	0.233992
2825.0	0.241362
2830.0	0.253482
2835.0	0.252607
2840.0	0.226975
2845.0	0.184778
2850.0	0.154452
2855.0	0.201063
2860.0	0.267310
2865.0	0.282227
2870.0	0.275517
2875.0	0.254723
2880.0	0.257774
2885.0	0.291041
2890.0	0.334444
2895.0	0.388703
2900.0	0.424669
2905.0	0.424073
2910.0	0.426398
2915.0	0.418218
2920.0	0.377330
2925.0	0.354312
2930.0	0.373991
2935.0	0.383679
2940.0	0.382696
2945.0	0.381364
2950.0	0.390959
2955.0	0.416000
2960.0	0.406363
2965.0	0.378680
2970.0	0.382577
2975.0	0.405115
2980.0	0.350858
2985.0	0.339080
2990.0	0.374040
2995.0	0.348391
3000.0	0.320704
3005.0	0.338474
3010.0	0.362653
3015.0	0.351320
3020.0	0.368990
3025.0	0.410833
3030.0	0.418436
3035.0	0.403738
3040.0	0.400521
3045.0	0.422772
3050.0	0.427858
3055.0	0.390675
3060.0	0.373078
3065.0	0.389638
3070.0	0.412671
3075.0	0.414131
3080.0	0.430875
3085.0	0.418031
3090.0	0.379276
3095.0	0.362530
3100.0	0.397051
3105.0	0.453191
3110.0	0.480605
3115.0	0.445338
3120.0	0.437473
3125.0	0.451929
3130.0	0.461578
3135.0	0.482881
3140.0	0.466413
3145.0	0.454633
3150.0	0.473821
3155.0	0.426804
3160.0	0.416074
3165.0	0.483546
3170.0	0.531650
3175.0	0.514148
3180.0	0.472716
3185.0	0.471802
3190.0	0.484281
3195.0	0.493425
3200.0	0.501311
3205.0	0.524477
3210.0	0.543770
3215.0	0.547500
3220.0	0.533411
3225.0	0.506195
3230.0	0.488930
3235.0	0.500833
3240.0	0.527322
3245.0	0.549229
3250.0	0.562867
3255.0	0.570027
3260.0	0.578929
3265.0	0.593062
3270.0	0.590578
3275.0	0.556327
3280.0	0.527309
3285.0	0.539666
3290.0	0.573958
3295.0	0.601988
3300.0	0.616132
3305.0	0.615330
3310.0	0.604207
3315.0	0.589025
3320.0	0.576887
3325.0	0.573633
3330.0	0.579197
3335.0	0.591158
3340.0	0.603587
3345.0	0.609799
3350.0	0.603600
3355.0	0.582594
3360.0	0.559108
3365.0	0.545980
3370.0	0.543393
3375.0	0.548742
3380.0	0.560938
3385.0	0.577849
3390.0	0.591657
3395.0	0.595521
3400.0	0.592204
3405.0	0.587195
3410.0	0.587304
3415.0	0.596462
3420.0	0.605768
3425.0	0.606284
3430.0	0.601764
3435.0	0.596963
3440.0	0.587962
3445.0	0.572861
3450.0	0.566528
3455.0	0.579681
3460.0	0.589667
3465.0	0.576235
3470.0	0.562090
3475.0	0.569933
3480.0	0.579481
3485.0	0.569874
3490.0	0.560934
3495.0	0.574649
3500.0	0.600987
3505.0	0.622782
3510.0	0.669189
3515.0	0.666271
3520.0	0.640883
3525.0	0.620146
3530.0	0.654382
3535.0	0.698850
3540.0	0.720644
3545.0	0.729467
3550.0	0.724398
3555.0	0.714704
3560.0	0.703430
3565.0	0.663003
3570.0	0.610031
3575.0	0.579661
3580.0	0.545629
3585.0	0.537287
3590.0	0.599014
3595.0	0.663359
3600.0	0.681307
3605.0	0.647575
3610.0	0.622326
3615.0	0.637577
3620.0	0.640562
3625.0	0.689345
3630.0	0.706417
3635.0	0.673827
3640.0	0.707170
3645.0	0.701308
3650.0	0.723450
3655.0	0.804999
3660.0	0.830646
3665.0	0.812657
3670.0	0.790335
3675.0	0.785271
3680.0	0.769715
3685.0	0.759663
3690.0	0.782825
3695.0	0.819389
3700.0	0.831840
3705.0	0.775179
3710.0	0.767571
3715.0	0.817630
3720.0	0.755101
3725.0	0.753760
3730.0	0.746168
3735.0	0.671325
3740.0	0.699067
3745.0	0.686422
3750.0	0.674466
3755.0	0.767732
3760.0	0.768196
3765.0	0.756020
3770.0	0.768705
3775.0	0.860372
3780.0	0.958693
3785.0	0.937691
3790.0	0.835415
3795.0	0.762604
3800.0	0.804463
3805.0	0.914471
3810.0	0.935061
3815.0	0.852637
3820.0	0.779601
3825.0	0.695480
3830.0	0.610880
3835.0	0.573509
3840.0	0.675448
3845.0	0.823116
3850.0	0.875731
3855.0	0.850827
3860.0	0.839997
3865.0	0.890434
3870.0	0.852942
3875.0	0.819254
3880.0	0.796514
3885.0	0.730091
3890.0	0.740882
3895.0	0.843553
3900.0	0.886681
3905.0	0.891138
3910.0	0.929206
3915.0	0.905212
3920.0	0.820220
3925.0	0.679655
3930.0	0.462663
3935.0	0.428279
3940.0	0.608724
3945.0	0.770529
3950.0	0.869929
3955.0	0.861383
3960.0	0.731613
3965.0	0.522263
3970.0	0.490602
3975.0	0.716226
3980.0	0.910772
3985.0	0.992738
3990.0	1.044922
3995.0	1.075486
4000.0	1.085804
4005.0	1.093604
4010.0	1.122285
4015.0	1.131357
4020.0	1.141286
4025.0	1.143842
4030.0	1.105861
4035.0	1.113894
4040.0	1.133789
4045.0	1.089957
4050.0	1.116626
4055.0	1.091666
4060.0	1.067975
4065.0	1.071524
4070.0	1.076651
4075.0	1.052812
4080.0	1.069566
4085.0	1.119821
4090.0	1.119707
4095.0	1.031561
4100.0	0.924783
4105.0	0.957298
4110.0	1.075323
4115.0	1.141595
4120.0	1.146231
4125.0	1.142833
4130.0	1.128765
4135.0	1.153933
4140.0	1.169213
4145.0	1.152854
4150.0	1.143807
4155.0	1.128704
4160.0	1.157273
4165.0	1.172191
4170.0	1.121938
4175.0	1.092455
4180.0	1.100505
4185.0	1.106937
4190.0	1.121274
4195.0	1.108668
4200.0	1.082458
4205.0	1.128558
4210.0	1.168537
4215.0	1.155534
4220.0	1.131509
4225.0	1.058718
4230.0	1.069584
4235.0	1.086765
4240.0	1.100559
4245.0	1.104143
4250.0	1.096331
4255.0	1.097358
4260.0	1.093226
4265.0	1.107539
4270.0	1.071567
4275.0	1.078244
4280.0	1.098761
4285.0	1.064539
4290.0	1.015370
4295.0	0.975251
4300.0	0.893895
4305.0	0.861890
4310.0	0.915093
4315.0	1.042336
4320.0	1.085812
4325.0	1.051001
4330.0	1.071897
4335.0	1.010978
4340.0	0.912190
4345.0	0.998385
4350.0	1.080652
4355.0	1.125290
4360.0	1.161222
4365.0	1.178452
4370.0	1.147831
4375.0	1.128969
4380.0	1.100781
4385.0	1.067336
4390.0	1.104182
4395.0	1.130719
4400.0	1.122545
4405.0	1.119733
4410.0	1.149556
4415.0	1.151147
4420.0	1.178519
4425.0	1.185502
4430.0	1.175432
4435.0	1.166378
4440.0	1.179512
4445.0	1.190366
4450.0	1.177538
4455.0	1.129668
4460.0	1.122267
4465.0	1.156031
4470.0	1.179593
4475.0	1.210646
4480.0	1.194666
4485.0	1.201484
4490.0	1.196782
4495.0	1.208690
4500.0	1.231722
4505.0	1.260169
4510.0	1.257533
4515.0	1.240933
4520.0	1.225772
4525.0	1.179408
4530.0	1.139303
4535.0	1.154219
4540.0	1.181855
4545.0	1.175166
4550.0	1.165852
4555.0	1.182346
4560.0	1.205521
4565.0	1.211288
4570.0	1.221566
4575.0	1.230733
4580.0	1.194298
4585.0	1.180676
4590.0	1.183756
4595.0	1.185389
4600.0	1.185860
4605.0	1.204913
4610.0	1.213071
4615.0	1.211382
4620.0	1.217309
4625.0	1.213388
4630.0	1.211116
4635.0	1.199622
4640.0	1.186105
4645.0	1.171006
4650.0	1.173618
4655.0	1.180125
4660.0	1.187633
4665.0	1.154001
4670.0	1.138727
4675.0	1.156601
4680.0	1.150104
4685.0	1.168568
4690.0	1.180782
4695.0	1.180734
4700.0	1.152214
4705.0	1.138784
4710.0	1.141418
4715.0	1.159570
4720.0	1.183124
4725.0	1.179312
4730.0	1.155768
4735.0	1.166364
4740.0	1.165266
4745.0	1.163798
4750.0	1.166307
4755.0	1.164393
4760.0	1.155516
4765.0	1.143843
4770.0	1.151977
4775.0	1.184757
4780.0	1.194961
4785.0	1.177618
4790.0	1.172902
4795.0	1.181036
4800.0	1.177606
4805.0	1.181113
4810.0	1.182386
4815.0	1.189429
4820.0	1.182431
4825.0	1.180594
4830.0	1.176734
4835.0	1.151048
4840.0	1.141372
4845.0	1.133190
4850.0	1.115447
4855.0	1.047997
4860.0	0.931752
4865.0	0.920342
4870.0	0.962538
4875.0	1.008937
4880.0	1.062791
4885.0	1.078612
4890.0	1.074909
4895.0	1.101598
4900.0	1.128886
4905.0	1.132725
4910.0	1.124669
4915.0	1.114495
4920.0	1.069920
4925.0	1.084148
4930.0	1.125916
4935.0	1.112033
4940.0	1.110098
4945.0	1.135919
4950.0	1.147251
4955.0	1.123753
4960.0	1.129727
4965.0	1.143885
4970.0	1.148012
4975.0	1.153633
4980.0	1.110110
4985.0	1.084401
4990.0	1.102628
4995.0	1.106898
5000.0	1.087977
5005.0	1.073149
5010.0	1.070767
5015.0	1.046339
5020.0	1.050591
5025.0	1.074103
5030.0	1.092536
5035.0	1.090710
5040.0	1.064158
5045.0	1.075771
5050.0	1.074094
5055.0	1.095571
5060.0	1.114441
5065.0	1.107367
5070.0	1.094681
5075.0	1.083953
5080.0	1.060643
5085.0	1.077463
5090.0	1.097632
5095.0	1.091367
5100.0	1.078022
5105.0	1.079133
5110.0	1.076870
5115.0	1.106984
5120.0	1.105316
5125.0	1.074343
5130.0	1.062778
5135.0	1.048499
5140.0	1.038431
5145.0	1.046311
5150.0	1.049350
5155.0	1.054735
5160.0	1.065273
5165.0	0.999289
5170.0	0.940796
5175.0	0.963593
5180.0	0.976475
5185.0	0.965496
5190.0	0.989834
5195.0	1.008932
5200.0	1.029527
5205.0	1.030426
5210.0	1.036608
5215.0	1.045554
5220.0	1.050603
5225.0	1.021398
5230.0	1.016207
5235.0	1.028029
5240.0	1.046888
5245.0	1.061304
5250.0	1.057834
5255.0	1.059655
5260.0	1.039009
5265.0	0.975400
5270.0	0.951834
5275.0	0.976379
5280.0	1.010608
5285.0	1.034935
5290.0	1.066716
5295.0	1.055856
5300.0	1.041360
5305.0	1.054087
5310.0	1.066840
5315.0	1.061090
5320.0	1.043935
5325.0	1.010795
5330.0	1.004726
5335.0	1.023971
5340.0	1.025340
5345.0	1.031493
5350.0	1.047348
5355.0	1.071132
5360.0	1.065301
5365.0	1.036693
5370.0	1.020177
5375.0	1.033774
5380.0	1.043030
5385.0	1.046605
5390.0	1.031267
5395.0	1.009099
5400.0	0.993520
5405.0	0.987292
5410.0	0.997448
5415.0	1.016908
5420.0	1.032485
5425.0	1.025416
5430.0	1.009955
5435.0	1.022068
5440.0	1.042731
5445.0	1.028285
5450.0	1.026712
5455.0	1.017215
5460.0	1.018356
5465.0	1.022446
5470.0	1.031798
5475.0	1.011038
5480.0	1.002371
5485.0	1.018865
5490.0	1.027369
5495.0	1.024745
5500.0	1.019055
5505.0	1.013784
5510.0	1.008913
5515.0	1.020094
5520.0	1.028549
5525.0	1.015117
5530.0	1.000347
5535.0	1.012741
5540.0	1.020722
5545.0	1.018836
5550.0	1.019518
5555.0	1.017913
5560.0	1.017104
5565.0	0.995149
5570.0	0.987352
5575.0	0.992765
5580.0	0.999672
5585.0	0.977986
5590.0	0.958339
5595.0	0.960355
5600.0	0.962800
5605.0	0.985842
5610.0	1.004476
5615.0	0.979867
5620.0	0.982224
5625.0	0.983615
5630.0	0.995846
5635.0	0.989294
5640.0	0.985265
5645.0	0.990998
5650.0	0.987215
5655.0	0.960988
5660.0	0.947549
5665.0	0.964448
5670.0	0.977471
5675.0	0.985468
5680.0	0.973944
5685.0	0.957960
5690.0	0.967833
5695.0	0.981624
5700.0	0.969564
5705.0	0.944106
5710.0	0.936789
5715.0	0.959787
5720.0	0.984815
5725.0	0.983981
5730.0	0.979855
5735.0	0.977615
5740.0	0.982260
5745.0	0.975561
5750.0	0.962391
5755.0	0.960921
5760.0	0.971867
5765.0	0.978462
5770.0	0.981377
5775.0	0.972804
5780.0	0.957857
5785.0	0.953870
5790.0	0.959924
5795.0	0.954813
5800.0	0.961969
5805.0	0.961385
5810.0	0.960459
5815.0	0.964647
5820.0	0.971479
5825.0	0.982267
5830.0	0.982976
5835.0	0.979995
5840.0	0.979182
5845.0	0.980684
5850.0	0.968984
5855.0	0.944888
5860.0	0.950066
5865.0	0.970716
5870.0	0.969567
5875.0	0.970525
5880.0	0.965253
5885.0	0.928473
5890.0	0.864293
5895.0	0.865267
5900.0	0.919632
5905.0	0.948013
5910.0	0.949187
5915.0	0.941272
5920.0	0.944445
5925.0	0.937014
5930.0	0.932294
5935.0	0.936195
5940.0	0.946353
5945.0	0.938535
5950.0	0.926863
5955.0	0.932287
5960.0	0.943682
5965.0	0.953612
5970.0	0.948749
5975.0	0.937368
5980.0	0.924672
5985.0	0.911879
5990.0	0.919640
5995.0	0.928544
6000.0	0.922611
6005.0	0.914639
6010.0	0.913408
6015.0	0.902587
6020.0	0.895966
6025.0	0.907287
6030.0	0.927650
6035.0	0.933449
6040.0	0.918166
6045.0	0.910273
6050.0	0.905757
6055.0	0.899493
6060.0	0.906417
6065.0	0.902262
6070.0	0.918740
6075.0	0.913959
6080.0	0.898219
6085.0	0.894002
6090.0	0.903049
6095.0	0.898163
6100.0	0.881546
6105.0	0.889467
6110.0	0.913410
6115.0	0.909246
6120.0	0.892856
6125.0	0.887791
6130.0	0.885695
6135.0	0.859451
6140.0	0.867592
6145.0	0.876426
6150.0	0.869155
6155.0	0.868039
6160.0	0.848280
6165.0	0.849777
6170.0	0.858420
6175.0	0.872788
6180.0	0.877290
6185.0	0.870846
6190.0	0.865044
6195.0	0.874946
6200.0	0.882563
6205.0	0.893251
6210.0	0.887399
6215.0	0.876373
6220.0	0.864592
6225.0	0.855008
6230.0	0.851711
6235.0	0.857781
6240.0	0.845895
6245.0	0.843705
6250.0	0.854521
6255.0	0.846177
6260.0	0.850872
6265.0	0.856569
6270.0	0.849084
6275.0	0.833050
6280.0	0.825442
6285.0	0.841210
6290.0	0.843104
6295.0	0.831339
6300.0	0.828384
6305.0	0.837076
6310.0	0.833167
6315.0	0.818588
6320.0	0.833945
6325.0	0.845431
6330.0	0.836984
6335.0	0.824133
6340.0	0.827321
6345.0	0.835485
6350.0	0.842454
6355.0	0.831403
6360.0	0.820956
6365.0	0.834179
6370.0	0.844625
6375.0	0.843777
6380.0	0.839152
6385.0	0.829474
6390.0	0.823238
6395.0	0.821471
6400.0	0.820861
6405.0	0.817842
6410.0	0.818904
6415.0	0.823839
6420.0	0.825639
6425.0	0.826757
6430.0	0.820440
6435.0	0.825606
6440.0	0.828791
6445.0	0.818945
6450.0	0.802036
6455.0	0.808125
6460.0	0.817711
6465.0	0.817280
6470.0	0.812167
6475.0	0.806886
6480.0	0.810703
6485.0	0.805580
6490.0	0.781119
6495.0	0.783502
6500.0	0.810529
6505.0	0.817894
6510.0	0.816526
6515.0	0.813304
6520.0	0.819151
6525.0	0.813339
6530.0	0.805649
6535.0	0.807614
6540.0	0.796950
6545.0	0.782266
6550.0	0.748221
6555.0	0.687985
6560.0	0.648937
6565.0	0.688105
6570.0	0.747893
6575.0	0.773341
6580.0	0.785314
6585.0	0.782178
6590.0	0.784669
6595.0	0.793027
6600.0	0.804326
6605.0	0.799947
6610.0	0.797519
6615.0	0.805106
6620.0	0.802452
6625.0	0.799388
6630.0	0.797715
6635.0	0.800498
6640.0	0.794335
6645.0	0.790105
6650.0	0.793366
6655.0	0.788216
6660.0	0.781671
6665.0	0.778962
6670.0	0.786168
6675.0	0.784764
6680.0	0.788380
6685.0	0.796962
6690.0	0.796681
6695.0	0.795470
6700.0	0.785941
6705.0	0.779352
6710.0	0.777147
6715.0	0.777976
6720.0	0.788939
6725.0	0.786731
6730.0	0.786768
6735.0	0.778579
6740.0	0.769809
6745.0	0.767516
6750.0	0.765213
6755.0	0.773704
6760.0	0.774942
6765.0	0.772923
6770.0	0.776289
6775.0	0.779284
6780.0	0.773675
6785.0	0.771283
6790.0	0.766602
6795.0	0.767445
6800.0	0.771179
6805.0	0.781789
6810.0	0.783434
6815.0	0.783861
6820.0	0.786173
6825.0	0.789318
6830.0	0.790372
6835.0	0.787740
6840.0	0.783643
6845.0	0.780366
6850.0	0.775046
6855.0	0.768466
6860.0	0.761409
6865.0	0.754667
6870.0	0.749059
6875.0	0.745412
6880.0	0.744551
6885.0	0.746917
6890.0	0.751406
6895.0	0.756527
6900.0	0.760792
6905.0	0.763019
6910.0	0.763271
6915.0	0.761920
6920.0	0.759336
6925.0	0.755920
6930.0	0.752178
6935.0	0.748647
6940.0	0.745861
6945.0	0.744175
6950.0	0.743221
6955.0	0.742449
6960.0	0.741313
6965.0	0.739408
6970.0	0.736916
6975.0	0.748371
6980.0	0.735794
6985.0	0.734971
6990.0	0.727757
6995.0	0.727449
7000.0	0.721531
7005.0	0.711673
7010.0	0.719452
7015.0	0.718064
7020.0	0.720346
7025.0	0.721221
7030.0	0.728527
7035.0	0.730492
7040.0	0.728758
7045.0	0.733380
7050.0	0.735274
7055.0	0.732012
7060.0	0.728250
7065.0	0.721710
7070.0	0.724732
7075.0	0.730796
7080.0	0.725572
7085.0	0.717816
7090.0	0.712966
7095.0	0.713501
7100.0	0.711986
7105.0	0.715572
7110.0	0.713309
7115.0	0.717370
7120.0	0.716949
7125.0	0.716238
7130.0	0.717563
7135.0	0.720401
7140.0	0.722807
7145.0	0.715103
7150.0	0.715728
7155.0	0.718768
7160.0	0.713481
7165.0	0.699747
7170.0	0.699563
7175.0	0.690656
7180.0	0.681363
7185.0	0.673583
7190.0	0.673832
7195.0	0.679175
7200.0	0.677907
7205.0	0.678663
7210.0	0.692575
7215.0	0.705186
7220.0	0.708291
7225.0	0.700381
7230.0	0.681035
7235.0	0.678234
7240.0	0.684439
7245.0	0.681742
7250.0	0.683628
7255.0	0.673880
7260.0	0.678244
7265.0	0.684164
7270.0	0.686472
7275.0	0.677011
7280.0	0.675729
7285.0	0.673722
7290.0	0.668538
7295.0	0.677315
7300.0	0.673431
7305.0	0.674998
7310.0	0.677647
7315.0	0.678635
7320.0	0.678045
7325.0	0.677824
7330.0	0.675226
7335.0	0.675904
7340.0	0.679097
7345.0	0.674935
7350.0	0.665186
7355.0	0.664338
7360.0	0.663707
7365.0	0.657926
7370.0	0.661067
7375.0	0.670016
7380.0	0.670511
7385.0	0.661015
7390.0	0.657304
7395.0	0.657013
7400.0	0.650100
7405.0	0.643449
7410.0	0.646866
7415.0	0.661433
7420.0	0.663548
7425.0	0.648059
7430.0	0.654774
7435.0	0.655499
7440.0	0.652886
7445.0	0.648976
7450.0	0.651841
7455.0	0.655416
7460.0	0.651027
7465.0	0.650169
7470.0	0.650968
7475.0	0.648449
7480.0	0.645202
7485.0	0.643291
7490.0	0.638458
7495.0	0.632748
7500.0	0.637443
7505.0	0.640178
7510.0	0.639995
7515.0	0.647076
7520.0	0.652754
7525.0	0.652102
7530.0	0.653146
7535.0	0.655639
7540.0	0.659330
7545.0	0.658953
7550.0	0.660504
7555.0	0.658809
7560.0	0.657113
7565.0	0.655417
7570.0	0.653721
7575.0	0.652026
7580.0	0.650330
7585.0	0.648634
7590.0	0.646939
7595.0	0.645243
7600.0	0.643547
7605.0	0.641852
7610.0	0.640156
7615.0	0.638460
7620.0	0.636764
7625.0	0.635069
7630.0	0.633373
7635.0	0.631677
7640.0	0.629982
7645.0	0.628286
7650.0	0.626590
7655.0	0.624894
7660.0	0.623199
7665.0	0.621503
7670.0	0.619807
7675.0	0.618112
7680.0	0.616416
7685.0	0.614720
7690.0	0.613025
7695.0	0.611329
7700.0	0.609633
7705.0	0.607937
7710.0	0.606242
7715.0	0.604546
7720.0	0.602850
7725.0	0.601155
7730.0	0.599459
7735.0	0.602009
7740.0	0.601213
7745.0	0.596119
7750.0	0.595651
7755.0	0.601927
7760.0	0.603175
7765.0	0.603232
7770.0	0.597810
7775.0	0.591203
7780.0	0.594168
7785.0	0.597133
7790.0	0.595983
7795.0	0.594473
7800.0	0.592241
7805.0	0.594138
7810.0	0.593266
7815.0	0.594268
7820.0	0.595593
7825.0	0.594503
7830.0	0.589547
7835.0	0.587355
7840.0	0.590685
7845.0	0.591863
7850.0	0.591381
7855.0	0.591929
7860.0	0.591781
7865.0	0.588952
7870.0	0.588077
7875.0	0.584474
7880.0	0.582043
7885.0	0.583281
7890.0	0.584048
7895.0	0.580296
7900.0	0.580989
7905.0	0.581825
7910.0	0.578620
7915.0	0.574436
7920.0	0.573658
7925.0	0.572945
7930.0	0.569100
7935.0	0.568841
7940.0	0.569593
7945.0	0.569821
7950.0	0.574420
7955.0	0.575699
7960.0	0.572184
7965.0	0.575295
7970.0	0.577976
7975.0	0.578961
7980.0	0.579606
7985.0	0.578480
7990.0	0.576679
7995.0	0.573410
8000.0	0.568910
8005.0	0.570158
8010.0	0.570585
8015.0	0.570290
8020.0	0.569953
8025.0	0.567259
8030.0	0.566408
8035.0	0.571212
8040.0	0.571825
8045.0	0.567053
8050.0	0.567434
8055.0	0.570372
8060.0	0.572618
8065.0	0.571397
8070.0	0.570623
8075.0	0.570334
8080.0	0.568321
8085.0	0.565206
8090.0	0.562693
8095.0	0.561184
8100.0	0.560840
8105.0	0.561296
8110.0	0.562249
8115.0	0.563265
8120.0	0.563913
8125.0	0.563840
8130.0	0.563020
8135.0	0.561509
8140.0	0.559363
8145.0	0.556665
8150.0	0.553608
8155.0	0.550413
8160.0	0.547302
8165.0	0.544513
8170.0	0.542357
8175.0	0.541164
8180.0	0.541262
8185.0	0.542781
8190.0	0.545054
8195.0	0.547215
8200.0	0.548399
8205.0	0.547977
8210.0	0.546273
8215.0	0.543848
8220.0	0.541263
8225.0	0.539044
8230.0	0.537569
8235.0	0.537181
8240.0	0.538221
8245.0	0.540784
8250.0	0.543978
8255.0	0.546660
8260.0	0.547690
8265.0	0.546314
8270.0	0.543332
8275.0	0.539930
8280.0	0.537297
8285.0	0.536258
8290.0	0.536204
8295.0	0.536164
8300.0	0.535167
8305.0	0.532578
8310.0	0.529097
8315.0	0.525757
8320.0	0.523592
8325.0	0.523374
8330.0	0.524817
8335.0	0.527375
8340.0	0.530499
8345.0	0.533637
8350.0	0.536211
8355.0	0.537636
8360.0	0.537330
8365.0	0.534994
8370.0	0.531478
8375.0	0.527916
8380.0	0.525443
8385.0	0.524838
8390.0	0.525458
8395.0	0.526307
8400.0	0.526386
8405.0	0.525019
8410.0	0.522521
8415.0	0.520607
8420.0	0.518806
8425.0	0.520420
8430.0	0.520141
8435.0	0.511770
8440.0	0.510166
8445.0	0.509452
8450.0	0.511490
8455.0	0.519613
8460.0	0.520493
8465.0	0.514036
8470.0	0.507951
8475.0	0.515443
8480.0	0.511842
8485.0	0.513880
8490.0	0.502663
8495.0	0.464873
8500.0	0.445151
8505.0	0.489253
8510.0	0.499342
8515.0	0.493682
8520.0	0.498235
8525.0	0.499228
8530.0	0.492740
8535.0	0.457661
8540.0	0.381450
8545.0	0.385785
8550.0	0.458986
8555.0	0.484596
8560.0	0.488301
8565.0	0.495813
8570.0	0.494582
8575.0	0.492295
8580.0	0.491446
8585.0	0.487432
8590.0	0.488135
8595.0	0.481420
8600.0	0.479484
8605.0	0.485062
8610.0	0.479940
8615.0	0.483334
8620.0	0.485083
8625.0	0.486345
8630.0	0.487297
8635.0	0.487256
8640.0	0.484120
8645.0	0.477922
8650.0	0.471713
8655.0	0.452011
8660.0	0.390401
8665.0	0.387617
8670.0	0.443298
8675.0	0.460217
8680.0	0.465546
8685.0	0.467781
8690.0	0.464666
8695.0	0.472872
8700.0	0.474445
8705.0	0.471962
8710.0	0.466736
8715.0	0.465608
8720.0	0.471506
8725.0	0.469633
8730.0	0.465888
8735.0	0.461800
8740.0	0.460921
8745.0	0.455064
8750.0	0.452580
8755.0	0.451276
8760.0	0.458861
8765.0	0.465753
8770.0	0.463580
8775.0	0.466695
8780.0	0.469716
8785.0	0.468775
8790.0	0.460507
8795.0	0.463642
8800.0	0.466343
8805.0	0.451804
8810.0	0.458282
8815.0	0.469675
8820.0	0.470337
8825.0	0.464739
8830.0	0.470544
8835.0	0.468309
8840.0	0.466819
8845.0	0.467429
8850.0	0.464677
8855.0	0.461345
8860.0	0.448317
8865.0	0.441684
8870.0	0.452704
8875.0	0.462587
8880.0	0.467564
8885.0	0.469147
8890.0	0.470213
8895.0	0.468526
8900.0	0.471403
8905.0	0.476838
8910.0	0.472589
8915.0	0.472060
8920.0	0.470951
8925.0	0.464261
8930.0	0.472359
8935.0	0.471752
8940.0	0.470415
8945.0	0.468080
8950.0	0.465304
8955.0	0.462853
8960.0	0.461492
8965.0	0.461624
8970.0	0.462202
8975.0	0.461818
8980.0	0.459061
8985.0	0.453110
8990.0	0.445494
8995.0	0.438326
9000.0	0.433721
9005.0	0.433272
9010.0	0.436477
9015.0	0.442315
9020.0	0.449760
9025.0	0.457729
9030.0	0.464893
9035.0	0.469860
9040.0	0.471241
9045.0	0.468133
9050.0	0.461585
9055.0	0.453133
9060.0	0.444314
9065.0	0.436520
9070.0	0.430566
9075.0	0.427119
9080.0	0.426850
9085.0	0.430061
9090.0	0.435580
9095.0	0.441873
9100.0	0.447401
9105.0	0.450961
9110.0	0.452675
9115.0	0.453001
9120.0	0.452395
9125.0	0.451210
9130.0	0.449382
9135.0	0.446745
9140.0	0.443130
9145.0	0.438601
9150.0	0.434144
9155.0	0.430975
9160.0	0.430312
9165.0	0.432915
9170.0	0.437729
9175.0	0.443243
9180.0	0.447946
9185.0	0.450648
9190.0	0.451433
9195.0	0.450708
9200.0	0.448878
9205.0	0.446356
9210.0	0.443580
9215.0	0.440997
9220.0	0.439054
9225.0	0.438016
9230.0	0.437424
9235.0	0.436637
9240.0	0.435016
9245.0	0.432340
9250.0	0.430063
9255.0	0.430060
9260.0	0.434204
9265.0	0.443428
9270.0	0.454896
9275.0	0.464830
9280.0	0.469452
9285.0	0.466004
9290.0	0.455803
9295.0	0.441187
9300.0	0.424493
9305.0	0.408109
9310.0	0.394625
9315.0	0.386683
9320.0	0.386925
9325.0	0.396544
9330.0	0.410947
9335.0	0.424092
9340.0	0.429939
9345.0	0.424363
9350.0	0.410911
9355.0	0.395047
9360.0	0.382235
9365.0	0.376779
9370.0	0.378340
9375.0	0.385421
9380.0	0.396523
9385.0	0.409866
9390.0	0.422536
9395.0	0.431340
9400.0	0.433081
9405.0	0.425762
9410.0	0.412178
9415.0	0.396322
9420.0	0.382184
9425.0	0.373090
9430.0	0.369689
9435.0	0.371959
9440.0	0.379883
9445.0	0.392814
9450.0	0.407598
9455.0	0.420455
9460.0	0.427605
9465.0	0.426516
9470.0	0.419652
9475.0	0.410725
9480.0	0.403445
9485.0	0.400632
9490.0	0.401525
9495.0	0.404472
9500.0	0.407820
9505.0	0.410239
9510.0	0.411690
9515.0	0.412458
9520.0	0.412826
9525.0	0.412967
9530.0	0.412599
9535.0	0.411326
9540.0	0.408756
9545.0	0.404833
9550.0	0.400866
9555.0	0.398501
9560.0	0.399386
9565.0	0.404407
9570.0	0.411402
9575.0	0.417445
9580.0	0.419613
9585.0	0.415981
9590.0	0.408628
9595.0	0.400632
9600.0	0.395074
9605.0	0.394169
9610.0	0.396688
9615.0	0.400539
9620.0	0.403630
9625.0	0.404377
9630.0	0.403221
9635.0	0.401115
9640.0	0.399009
9645.0	0.397733
9650.0	0.397640
9655.0	0.398960
9660.0	0.401926
9665.0	0.406492
9670.0	0.411506
9675.0	0.415539
9680.0	0.417161
9685.0	0.415456
9690.0	0.411561
9695.0	0.407124
9700.0	0.403795
9705.0	0.402741
9710.0	0.403207
9715.0	0.403954
9720.0	0.403746
9725.0	0.401752
9730.0	0.398774
9735.0	0.396023
9740.0	0.394709
9745.0	0.395645
9750.0	0.398063
9755.0	0.400796
9760.0	0.402680
9765.0	0.402928
9770.0	0.402266
9775.0	0.401797
9780.0	0.402626
9785.0	0.405431
9790.0	0.409179
9795.0	0.412410
9800.0	0.413664
9805.0	0.411946
9810.0	0.408109
9815.0	0.403472
9820.0	0.399353
9825.0	0.396799
9830.0	0.395776
9835.0	0.395978
9840.0	0.397103
9845.0	0.398783
9850.0	0.400409
9855.0	0.401310
9860.0	0.400817
9865.0	0.398514
9870.0	0.395022
9875.0	0.391214
9880.0	0.387968
9885.0	0.385932
9890.0	0.384849
9895.0	0.384235
9900.0	0.383607
9905.0	0.382600
9910.0	0.381332
9915.0	0.380042
9920.0	0.378968
9925.0	0.378336
9930.0	0.378325
9935.0	0.379102
9940.0	0.380834
9945.0	0.383526
9950.0	0.386543
9955.0	0.389084
9960.0	0.390353
9965.0	0.389863
9970.0	0.388370
9975.0	0.386943
9980.0	0.386651
9985.0	0.388202
9990.0	0.390863
9995.0	0.393544
10000.0	0.395152
10005.0	0.394837
10010.0	0.392714
10015.0	0.389142
10020.0	0.384480
10025.0	0.379141
10030.0	0.373769
10035.0	0.369067
10040.0	0.365735
10045.0	0.364297
10050.0	0.364568
10055.0	0.366188
10060.0	0.368794
10065.0	0.372028
10070.0	0.375540
10075.0	0.378984
10080.0	0.382013
10085.0	0.384326
10090.0	0.385796
10095.0	0.386339
10100.0	0.385874
10105.0	0.384418
10110.0	0.382391
10115.0	0.380312
10120.0	0.378702
10125.0	0.377973
10130.0	0.378108
10135.0	0.378981
10140.0	0.380467
10145.0	0.382364
10150.0	0.384168
10155.0	0.385295
10160.0	0.385164
10165.0	0.383454
10170.0	0.380894
10175.0	0.378475
10180.0	0.377189
10185.0	0.377725
10190.0	0.379567
10195.0	0.381899
10200.0	0.383904
10205.0	0.384979
10210.0	0.385366
10215.0	0.385521
10220.0	0.385901
10225.0	0.386794
10230.0	0.387829
10235.0	0.388467
10240.0	0.388169
10245.0	0.386575
10250.0	0.384040
10255.0	0.381094
10260.0	0.378271
10265.0	0.376020
10270.0	0.374468
10275.0	0.373657
10280.0	0.373631
10285.0	0.374349
10290.0	0.375425
10295.0	0.376390
10300.0	0.376773
10305.0	0.373289
10310.0	0.372479
10315.0	0.371499
10320.0	0.370524
10325.0	0.369679
10330.0	0.368868
10335.0	0.367939
10340.0	0.366744
10345.0	0.365233
10350.0	0.363770
10355.0	0.362817
10360.0	0.362840
10365.0	0.364091
10370.0	0.365975
10375.0	0.367687
10380.0	0.368420
10385.0	0.367643
10390.0	0.365918
10395.0	0.364081
10400.0	0.362970
10405.0	0.363145
10410.0	0.364076
10415.0	0.364957
10420.0	0.364980
10425.0	0.363569
10430.0	0.361069
10435.0	0.358052
10440.0	0.355092
10445.0	0.352700
10450.0	0.351134
10455.0	0.350586
10460.0	0.351252
10465.0	0.353166
10470.0	0.355729
10475.0	0.358181
10480.0	0.359764
10485.0	0.359934
10490.0	0.359013
10495.0	0.357540
10500.0	0.356051
10505.0	0.354982
10510.0	0.354345
10515.0	0.354050
10520.0	0.354006
10525.0	0.354118
10530.0	0.354264
10535.0	0.354320
10540.0	0.354159
10545.0	0.353681
10550.0	0.352890
10555.0	0.351813
10560.0	0.350477
10565.0	0.348958
10570.0	0.347506
10575.0	0.346420
10580.0	0.345997
10585.0	0.346411
10590.0	0.347329
10595.0	0.348296
10600.0	0.348856
10605.0	0.348665
10610.0	0.347827
10615.0	0.346556
10620.0	0.345070
10625.0	0.344492
10630.0	0.344076
10635.0	0.343659
10640.0	0.343242
10645.0	0.342824
10650.0	0.342406
10655.0	0.341988
10660.0	0.341570
10665.0	0.341151
10670.0	0.340732
10675.0	0.340312
10680.0	0.339893
10685.0	0.339473
10690.0	0.339052
10695.0	0.338632
10700.0	0.338211
10705.0	0.337790
10710.0	0.337369
10715.0	0.336947
10720.0	0.336525
10725.0	0.336103
10730.0	0.335680
10735.0	0.335258
10740.0	0.334835
10745.0	0.334412
10750.0	0.333988
10755.0	0.333565
10760.0	0.333141
10765.0	0.332717
10770.0	0.332292
10775.0	0.331868
10780.0	0.331443
10785.0	0.331018
10790.0	0.330593
10795.0	0.330168
10800.0	0.329742
10805.0	0.329316
10810.0	0.328890
10815.0	0.328464
10820.0	0.328037
10825.0	0.327611
10830.0	0.327184
10835.0	0.326757
10840.0	0.326330
10845.0	0.325902
10850.0	0.325475
10855.0	0.325047
10860.0	0.324619
10865.0	0.324191
10870.0	0.323763
10875.0	0.323335
10880.0	0.322906
10885.0	0.322478
10890.0	0.322049
10895.0	0.321620
10900.0	0.321191
10905.0	0.320762
10910.0	0.320332
10915.0	0.319903
10920.0	0.319473
10925.0	0.319043
10930.0	0.318613
10935.0	0.318184
10940.0	0.317753
10945.0	0.317323
10950.0	0.316893
10955.0	0.316463
10960.0	0.316032
10965.0	0.315602
10970.0	0.315171
10975.0	0.314740
10980.0	0.314309
10985.0	0.313878
10990.0	0.313447
10995.0	0.313016
11000.0	0.312585
11005.0	0.312154
11010.0	0.311723
11015.0	0.311291
11020.0	0.310860
11025.0	0.310429
11030.0	0.309997
11035.0	0.309565
11040.0	0.309134
11045.0	0.308702
11050.0	0.308271
11055.0	0.307839
11060.0	0.307407
11065.0	0.306976
11070.0	0.306544
11075.0	0.306112
11080.0	0.305680
11085.0	0.305248
11090.0	0.304816
11095.0	0.304385
11100.0	0.303953
11105.0	0.303521
11110.0	0.303089
11115.0	0.302657
11120.0	0.302226
11125.0	0.301794
11130.0	0.301362
11135.0	0.300930
11140.0	0.300499
11145.0	0.300067
11150.0	0.299635
11155.0	0.299204
11160.0	0.298772
11165.0	0.298340
11170.0	0.297909
11175.0	0.297478
11180.0	0.297046
11185.0	0.296615
11190.0	0.296184
11195.0	0.295752
11200.0	0.295321
11205.0	0.294890
11210.0	0.294459
11215.0	0.294028
11220.0	0.293597
11225.0	0.293167
11230.0	0.292736
11235.0	0.292306
11240.0	0.291875
11245.0	0.291445
11250.0	0.291014
11255.0	0.290584
11260.0	0.290154
11265.0	0.289724
11270.0	0.289294
11275.0	0.288865
11280.0	0.288435
11285.0	0.288006
11290.0	0.287576
11295.0	0.287147
11300.0	0.286718
11305.0	0.286289
11310.0	0.285860
11315.0	0.285432
11320.0	0.285003
11325.0	0.284575
11330.0	0.284147
11335.0	0.283719
11340.0	0.283291
11345.0	0.282863
11350.0	0.282436
11355.0	0.282008
11360.0	0.281581
11365.0	0.281154
11370.0	0.280728
11375.0	0.280301
11380.0	0.279875
11385.0	0.279448
11390.0	0.279022
11395.0	0.278597
11400.0	0.278171
11405.0	0.277746
11410.0	0.277320
11415.0	0.276895
11420.0	0.276471
11425.0	0.276046
11430.0	0.275622
11435.0	0.275198
11440.0	0.274774
11445.0	0.274350
11450.0	0.273927
11455.0	0.273504
11460.0	0.273081
11465.0	0.272658
11470.0	0.272236
11475.0	0.271814
11480.0	0.271392
11485.0	0.270971
11490.0	0.270549
11495.0	0.270128
11500.0	0.269707
11505.0	0.269287
11510.0	0.268867
11515.0	0.268447
11520.0	0.268027
11525.0	0.267608
11530.0	0.267189
11535.0	0.266770
11540.0	0.266352
11545.0	0.265933
11550.0	0.265516
11555.0	0.265098
11560.0	0.264681
11565.0	0.264264
11570.0	0.263848
11575.0	0.263431
11580.0	0.263015
11585.0	0.262600
11590.0	0.262185
11595.0	0.261770
11600.0	0.261355
11605.0	0.260941
11610.0	0.260527
11615.0	0.260114
11620.0	0.259700
11625.0	0.259288
11630.0	0.258875
11635.0	0.258463
11640.0	0.258051
11645.0	0.257640
11650.0	0.257229
11655.0	0.256819
11660.0	0.256409
11665.0	0.255999
11670.0	0.255589
11675.0	0.255180
11680.0	0.254772
11685.0	0.254364
11690.0	0.253956
11695.0	0.253549
11700.0	0.253142
11705.0	0.252735
11710.0	0.252329
11715.0	0.251923
11720.0	0.251518
11725.0	0.251113
11730.0	0.250709
11735.0	0.250305
11740.0	0.249901
11745.0	0.249498
11750.0	0.249095
11755.0	0.248693
11760.0	0.248292
11765.0	0.247890
11770.0	0.247489
11775.0	0.247089
11780.0	0.246689
11785.0	0.246290
11790.0	0.245891
11795.0	0.245492
11800.0	0.245094
11805.0	0.244697
11810.0	0.244300
11815.0	0.243903
11820.0	0.243507
11825.0	0.243112
11830.0	0.242717
11835.0	0.242322
11840.0	0.241928
11845.0	0.241535
11850.0	0.241142
11855.0	0.240749
11860.0	0.240358
11865.0	0.239966
11870.0	0.239575
11875.0	0.239185
11880.0	0.238795
11885.0	0.238406
11890.0	0.238017
11895.0	0.237629
11900.0	0.237241
11905.0	0.236854
11910.0	0.236468
11915.0	0.236082
11920.0	0.235696
11925.0	0.235312
11930.0	0.234927
11935.0	0.234544
11940.0	0.234161
11945.0	0.233778
11950.0	0.233396
11955.0	0.233015
11960.0	0.232634
11965.0	0.232254
11970.0	0.231874
11975.0	0.231495
11980.0	0.231117
11985.0	0.230739
11990.0	0.230362
11995.0	0.229986
12000.0	0.229610
12005.0	0.229235
12010.0	0.228860
12015.0	0.228486
12020.0	0.228112
12025.0	0.227740
12030.0	0.227368
12035.0	0.226996
12040.0	0.226625
12045.0	0.226255
12050.0	0.225886
12055.0	0.225517
12060.0	0.225149
12065.0	0.224781
12070.0	0.224414
12075.0	0.224048
12080.0	0.223683
12085.0	0.223318
12090.0	0.222954
12095.0	0.222590
12100.0	0.222227
12105.0	0.221865
12110.0	0.221504
12115.0	0.221143
12120.0	0.220783
12125.0	0.220424
12130.0	0.220065
12135.0	0.219708
12140.0	0.219351
12145.0	0.218994
12150.0	0.218638
12155.0	0.218283
12160.0	0.217929
12165.0	0.217576
12170.0	0.217223
12175.0	0.216871
12180.0	0.216520
12185.0	0.216169
12190.0	0.215819
12195.0	0.215470
12200.0	0.215122
12205.0	0.214774
12210.0	0.214428
12215.0	0.214082
12220.0	0.213737
12225.0	0.213392
12230.0	0.213048
12235.0	0.212705
12240.0	0.212363
12245.0	0.212022
12250.0	0.211681
12255.0	0.211341
12260.0	0.211002
12265.0	0.210664
12270.0	0.210326
12275.0	0.209989
12280.0	0.209653
12285.0	0.209318
12290.0	0.208983
12295.0	0.208650
12300.0	0.208317
12305.0	0.207984
12310.0	0.207653
12315.0	0.207322
12320.0	0.206992
12325.0	0.206662
12330.0	0.206334
12335.0	0.206006
12340.0	0.205679
12345.0	0.205352
12350.0	0.205027
12355.0	0.204702
12360.0	0.204378
12365.0	0.204054
12370.0	0.203732
12375.0	0.203410
12380.0	0.203089
12385.0	0.202768
12390.0	0.202448
12395.0	0.202129
12400.0	0.201811
12405.0	0.201494
12410.0	0.201177
12415.0	0.200861
12420.0	0.200545
12425.0	0.200231
12430.0	0.199917
12435.0	0.199604
12440.0	0.199291
12445.0	0.198980
12450.0	0.198669
12455.0	0.198358
12460.0	0.198049
12465.0	0.197740
12470.0	0.197432
12475.0	0.197124
12480.0	0.196818
12485.0	0.196512
12490.0	0.196206
12495.0	0.195902
12500.0	0.195598
12505.0	0.195295
12510.0	0.194992
12515.0	0.194691
12520.0	0.194390
12525.0	0.194089
12530.0	0.193790
12535.0	0.193491
12540.0	0.193193
12545.0	0.192895
12550.0	0.192599
12555.0	0.192302
12560.0	0.192007
12565.0	0.191712
12570.0	0.191418
12575.0	0.191125
12580.0	0.190833
12585.0	0.190541
12590.0	0.190249
12595.0	0.189959
12600.0	0.189669
12605.0	0.189380
12610.0	0.189092
12615.0	0.188804
12620.0	0.188517
12625.0	0.188230
12630.0	0.187945
12635.0	0.187660
12640.0	0.187375
12645.0	0.187092
12650.0	0.186809
12655.0	0.186527
12660.0	0.186245
12665.0	0.185964
12670.0	0.185684
12675.0	0.185404
12680.0	0.185125
12685.0	0.184847
12690.0	0.184570
12695.0	0.184293
12700.0	0.184017
12705.0	0.183741
12710.0	0.183466
12715.0	0.183192
12720.0	0.182919
12725.0	0.182646
12730.0	0.182374
12735.0	0.182102
12740.0	0.181831
12745.0	0.181561
12750.0	0.181292
12755.0	0.181023
12760.0	0.180755
12765.0	0.180487
12770.0	0.180220
12775.0	0.179954
12780.0	0.179688
12785.0	0.179424
12790.0	0.179159
12795.0	0.178896
12800.0	0.178633
12805.0	0.178371
12810.0	0.178109
12815.0	0.177848
12820.0	0.177588
12825.0	0.177328
12830.0	0.177069
12835.0	0.176810
12840.0	0.176553
12845.0	0.176296
12850.0	0.176039
12855.0	0.175783
12860.0	0.175528
12865.0	0.175274
12870.0	0.175020
12875.0	0.174766
12880.0	0.174514
12885.0	0.174262
12890.0	0.174010
12895.0	0.173760
12900.0	0.173510
12905.0	0.173260
12910.0	0.173011
12915.0	0.172763
12920.0	0.172515
12925.0	0.172269
12930.0	0.172022
12935.0	0.171777
12940.0	0.171531
12945.0	0.171287
12950.0	0.171043
12955.0	0.170800
12960.0	0.170557
12965.0	0.170315
12970.0	0.170074
12975.0	0.169833
12980.0	0.169593
12985.0	0.169354
12990.0	0.169115
12995.0	0.168877
13000.0	0.168639
13005.0	0.168402
13010.0	0.168166
13015.0	0.167930
13020.0	0.167695
13025.0	0.167460
13030.0	0.167226
13035.0	0.166993
13040.0	0.166760
13045.0	0.166528
13050.0	0.166296
13055.0	0.166065
13060.0	0.165835
13065.0	0.165605
13070.0	0.165376
13075.0	0.165147
13080.0	0.164919
13085.0	0.164692
13090.0	0.164465
13095.0	0.164239
13100.0	0.164013
13105.0	0.163788
13110.0	0.163564
13115.0	0.163340
13120.0	0.163117
13125.0	0.162894
13130.0	0.162672
13135.0	0.162451
13140.0	0.162230
13145.0	0.162010
13150.0	0.161790
13155.0	0.161571
13160.0	0.161352
13165.0	0.161134
13170.0	0.160917
13175.0	0.160700
13180.0	0.160484
13185.0	0.160268
13190.0	0.160053
13195.0	0.159839
13200.0	0.159625
13205.0	0.159411
13210.0	0.159199
13215.0	0.158986
13220.0	0.158775
13225.0	0.158564
13230.0	0.158353
13235.0	0.158143
13240.0	0.157934
13245.0	0.157725
13250.0	0.157517
13255.0	0.157309
13260.0	0.157102
13265.0	0.156896
13270.0	0.156690
13275.0	0.156484
13280.0	0.156279
13285.0	0.156075
13290.0	0.155871
13295.0	0.155668
13300.0	0.155465
13305.0	0.155263
13310.0	0.155062
13315.0	0.154861
13320.0	0.154660
13325.0	0.154460
13330.0	0.154261
13335.0	0.154062
13340.0	0.153864
13345.0	0.153666
13350.0	0.153469
13355.0	0.153272
13360.0	0.153076
13365.0	0.152881
13370.0	0.152686
13375.0	0.152491
13380.0	0.152297
13385.0	0.152104
13390.0	0.151911
13395.0	0.151719
13400.0	0.151527
13405.0	0.151336
13410.0	0.151145
13415.0	0.150955
13420.0	0.150765
13425.0	0.150576
13430.0	0.150388
13435.0	0.150199
13440.0	0.150012
13445.0	0.149825
13450.0	0.149638
13455.0	0.149452
13460.0	0.149267
13465.0	0.149082
13470.0	0.148898
13475.0	0.148714
13480.0	0.148530
13485.0	0.148348
13490.0	0.148165
13495.0	0.147983
13500.0	0.147802
13505.0	0.147621
13510.0	0.147441
13515.0	0.147261
13520.0	0.147082
13525.0	0.146903
13530.0	0.146725
13535.0	0.146547
13540.0	0.146370
13545.0	0.146193
13550.0	0.146017
13555.0	0.145842
13560.0	0.145666
13565.0	0.145492
13570.0	0.145317
13575.0	0.145144
13580.0	0.144971
13585.0	0.144798
13590.0	0.144626
13595.0	0.144454
13600.0	0.144283
13605.0	0.144112
13610.0	0.143942
13615.0	0.143772
13620.0	0.143603
13625.0	0.143434
13630.0	0.143266
13635.0	0.143098
13640.0	0.142931
13645.0	0.142764
13650.0	0.142598
13655.0	0.142432
13660.0	0.142266
13665.0	0.142101
13670.0	0.141937
13675.0	0.141773
13680.0	0.141610
13685.0	0.141447
13690.0	0.141284
13695.0	0.141122
13700.0	0.140961
13705.0	0.140800
13710.0	0.140639
13715.0	0.140479
13720.0	0.140319
13725.0	0.140160
13730.0	0.140002
13735.0	0.139843
13740.0	0.139686
13745.0	0.139528
13750.0	0.139371
13755.0	0.139215
13760.0	0.139059
13765.0	0.138904
13770.0	0.138749
13775.0	0.138594
13780.0	0.138440
13785.0	0.138287
13790.0	0.138133
13795.0	0.137981
13800.0	0.137829
13805.0	0.137677
13810.0	0.137525
13815.0	0.137375
13820.0	0.137224
13825.0	0.137074
13830.0	0.136925
13835.0	0.136776
13840.0	0.136627
13845.0	0.136479
13850.0	0.136331
13855.0	0.136184
13860.0	0.136037
13865.0	0.135891
13870.0	0.135745
13875.0	0.135599
13880.0	0.135454
13885.0	0.135309
13890.0	0.135165
13895.0	0.135022
13900.0	0.134878
13905.0	0.134735
13910.0	0.134593
13915.0	0.134451
13920.0	0.134309
13925.0	0.134168
13930.0	0.134027
13935.0	0.133887
13940.0	0.133747
13945.0	0.133608
13950.0	0.133469
13955.0	0.133330
13960.0	0.133192
13965.0	0.133054
13970.0	0.132917
13975.0	0.132780
13980.0	0.132643
13985.0	0.132507
13990.0	0.132372
13995.0	0.132237
14000.0	0.132102
14005.0	0.131967
14010.0	0.131833
14015.0	0.131700
14020.0	0.131567
14025.0	0.131434
14030.0	0.131302
14035.0	0.131170
14040.0	0.131038
14045.0	0.130907
14050.0	0.130776
14055.0	0.130646
14060.0	0.130516
14065.0	0.130387
14070.0	0.130257
14075.0	0.130129
14080.0	0.130000
14085.0	0.129873
14090.0	0.129745
14095.0	0.129618
14100.0	0.129491
14105.0	0.129365
14110.0	0.129239
14115.0	0.129114
14120.0	0.128988
14125.0	0.128864
14130.0	0.128739
14135.0	0.128615
14140.0	0.128492
14145.0	0.128369
14150.0	0.128246
14155.0	0.128123
14160.0	0.128001
14165.0	0.127880
14170.0	0.127759
14175.0	0.127638
14180.0	0.127517
14185.0	0.127397
14190.0	0.127277
14195.0	0.127158
14200.0	0.127039
14205.0	0.126920
14210.0	0.126802
14215.0	0.126684
14220.0	0.126567
14225.0	0.126450
14230.0	0.126333
14235.0	0.126217
14240.0	0.126101
14245.0	0.125985
14250.0	0.125870
14255.0	0.125755
14260.0	0.125640
14265.0	0.125526
14270.0	0.125412
14275.0	0.125299
14280.0	0.125186
14285.0	0.125073
14290.0	0.124961
14295.0	0.124849
14300.0	0.124737
14305.0	0.124626
14310.0	0.124515
14315.0	0.124404
14320.0	0.124294
14325.0	0.124184
14330.0	0.124075
14335.0	0.123965
14340.0	0.123857
14345.0	0.123748
14350.0	0.123640
14355.0	0.123532
14360.0	0.123425
14365.0	0.123318
14370.0	0.123211
14375.0	0.123104
14380.0	0.122998
14385.0	0.122893
14390.0	0.122787
14395.0	0.122682
14400.0	0.122577
14405.0	0.122473
14410.0	0.122369
14415.0	0.122265
14420.0	0.122162
14425.0	0.122059
14430.0	0.121956
14435.0	0.121854
14440.0	0.121752
14445.0	0.121650
14450.0	0.121549
14455.0	0.121447
14460.0	0.121347
14465.0	0.121246
14470.0	0.121146
14475.0	0.121046
14480.0	0.120947
14485.0	0.120848
14490.0	0.120749
14495.0	0.120650
14500.0	0.120552
14505.0	0.120454
14510.0	0.120357
14515.0	0.120260
14520.0	0.120163
14525.0	0.120066
14530.0	0.119970
14535.0	0.119874
14540.0	0.119778
14545.0	0.119683
14550.0	0.119588
14555.0	0.119493
14560.0	0.119399
14565.0	0.119304
14570.0	0.119211
14575.0	0.119117
14580.0	0.119024
14585.0	0.118931
14590.0	0.118838
14595.0	0.118746
14600.0	0.118654
14605.0	0.118562
14610.0	0.118471
14615.0	0.118379
14620.0	0.118289
14625.0	0.118198
14630.0	0.118108
14635.0	0.118018
14640.0	0.117928
14645.0	0.117839
14650.0	0.117750
14655.0	0.117661
14660.0	0.117572
14665.0	0.117484
14670.0	0.117396
14675.0	0.117308
14680.0	0.117221
14685.0	0.117134
14690.0	0.117047
14695.0	0.116960
14700.0	0.116874
14705.0	0.116788
14710.0	0.116702
14715.0	0.116617
14720.0	0.116532
14725.0	0.116447
14730.0	0.116362
14735.0	0.116278
14740.0	0.116194
14745.0	0.116110
14750.0	0.116026
14755.0	0.115943
14760.0	0.115860
14765.0	0.115777
14770.0	0.115695
14775.0	0.115612
14780.0	0.115530
14785.0	0.115449
14790.0	0.115367
14795.0	0.115286
14800.0	0.115205
14805.0	0.115124
14810.0	0.115044
14815.0	0.114964
14820.0	0.114884
14825.0	0.114804
14830.0	0.114725
14835.0	0.114646
14840.0	0.114567
14845.0	0.114488
14850.0	0.114410
14855.0	0.114332
14860.0	0.114254
14865.0	0.114176
14870.0	0.114099
14875.0	0.114021
14880.0	0.113945
14885.0	0.113868
14890.0	0.113791
14895.0	0.113715
14900.0	0.113639
14905.0	0.113563
14910.0	0.113488
14915.0	0.113413
14920.0	0.113338
14925.0	0.113263
14930.0	0.113188
14935.0	0.113114
14940.0	0.113040
14945.0	0.112966
14950.0	0.112892
14955.0	0.112819
14960.0	0.112746
14965.0	0.112673
14970.0	0.112600
14975.0	0.112528
14980.0	0.112455
14985.0	0.112383
14990.0	0.112311
14995.0	0.112240
15000.0	0.112168
15005.0	0.112097
15010.0	0.112026
15015.0	0.111955
15020.0	0.111885
15025.0	0.111815
15030.0	0.111744
15035.0	0.111675
15040.0	0.111605
15045.0	0.111535
15050.0	0.111466
15055.0	0.111397
15060.0	0.111328
15065.0	0.111260
15070.0	0.111191
15075.0	0.111123
15080.0	0.111055
15085.0	0.110987
15090.0	0.110919
15095.0	0.110852
15100.0	0.110785
15105.0	0.110718
15110.0	0.110651
15115.0	0.110584
15120.0	0.110518
15125.0	0.110451
15130.0	0.110385
15135.0	0.110320
15140.0	0.110254
15145.0	0.110188
15150.0	0.110123
15155.0	0.110058
15160.0	0.109993
15165.0	0.109928
15170.0	0.109864
15175.0	0.109799
15180.0	0.109735
15185.0	0.109671
15190.0	0.109607
15195.0	0.109544
15200.0	0.109480
15205.0	0.109417
15210.0	0.109354
15215.0	0.109291
15220.0	0.109228
15225.0	0.109166
15230.0	0.109103
15235.0	0.109041
15240.0	0.108979
15245.0	0.108917
15250.0	0.108855
15255.0	0.108794
15260.0	0.108732
15265.0	0.108671
15270.0	0.108610
15275.0	0.108549
15280.0	0.108489
15285.0	0.108428
15290.0	0.108368
15295.0	0.108307
15300.0	0.108247
15305.0	0.108187
15310.0	0.108128
15315.0	0.108068
15320.0	0.108009
15325.0	0.107949
15330.0	0.107890
15335.0	0.107831
15340.0	0.107772
15345.0	0.107714
15350.0	0.107655
15355.0	0.107597
15360.0	0.107539
15365.0	0.107481
15370.0	0.107423
15375.0	0.107365
15380.0	0.107307
15385.0	0.107250
15390.0	0.107192
15395.0	0.107135
15400.0	0.107078
15405.0	0.107021
15410.0	0.106964
15415.0	0.106908
15420.0	0.106851
15425.0	0.106795
15430.0	0.106738
15435.0	0.106682
15440.0	0.106626
15445.0	0.106570
15450.0	0.106515
15455.0	0.106459
15460.0	0.106404
15465.0	0.106348
15470.0	0.106293
15475.0	0.106238
15480.0	0.106183
15485.0	0.106128
15490.0	0.106073
15495.0	0.106019
15500.0	0.105964
15505.0	0.105910
15510.0	0.105856
15515.0	0.105802
15520.0	0.105748
15525.0	0.105694
15530.0	0.105640
15535.0	0.105586
15540.0	0.105533
15545.0	0.105479
15550.0	0.105426
15555.0	0.105373
15560.0	0.105319
15565.0	0.105266
15570.0	0.105214
15575.0	0.105161
15580.0	0.105108
15585.0	0.105055
15590.0	0.105003
15595.0	0.104951
15600.0	0.104898
15605.0	0.104846
15610.0	0.104794
15615.0	0.104742
15620.0	0.104690
15625.0	0.104638
15630.0	0.104587
15635.0	0.104535
15640.0	0.104484
15645.0	0.104432
15650.0	0.104381
15655.0	0.104330
15660.0	0.104278
15665.0	0.104227
15670.0	0.104176
15675.0	0.104125
15680.0	0.104075
15685.0	0.104024
15690.0	0.103973
15695.0	0.103923
15700.0	0.103872
15705.0	0.103822
15710.0	0.103772
15715.0	0.103721
15720.0	0.103671
15725.0	0.103621
15730.0	0.103571
15735.0	0.103521
15740.0	0.103471
15745.0	0.103421
15750.0	0.103372
15755.0	0.103322
15760.0	0.103272
15765.0	0.103223
15770.0	0.103174
15775.0	0.103124
15780.0	0.103075
15785.0	0.103026
15790.0	0.102976
15795.0	0.102927
15800.0	0.102878
15805.0	0.102829
15810.0	0.102780
15815.0	0.102731
15820.0	0.102683
15825.0	0.102634
15830.0	0.102585
15835.0	0.102536
15840.0	0.102488
15845.0	0.102439
15850.0	0.102391
15855.0	0.102342
15860.0	0.102294
15865.0	0.102246
15870.0	0.102197
15875.0	0.102149
15880.0	0.102101
15885.0	0.102053
15890.0	0.102004
15895.0	0.101956
15900.0	0.101908
15905.0	0.101860
15910.0	0.101812
15915.0	0.101764
15920.0	0.101717
15925.0	0.101669
15930.0	0.101621
15935.0	0.101573
15940.0	0.101525
15945.0	0.101478
15950.0	0.101430
15955.0	0.101382
15960.0	0.101335
15965.0	0.101287
15970.0	0.101239
15975.0	0.101192
15980.0	0.101144
15985.0	0.101097
15990.0	0.101049
15995.0	0.101002
16000.0	0.100955
16005.0	0.100907
16010.0	0.100860
16015.0	0.100812
16020.0	0.100765
16025.0	0.100718
16030.0	0.100671
16035.0	0.100623
16040.0	0.100576
16045.0	0.100529
16050.0	0.100481
16055.0	0.100434
16060.0	0.100387
16065.0	0.100340
16070.0	0.100292
16075.0	0.100245
16080.0	0.100198
16085.0	0.100151
16090.0	0.100104
16095.0	0.100056
16100.0	0.100009
16105.0	0.099962
16110.0	0.099915
16115.0	0.099868
16120.0	0.099821
16125.0	0.099773
16130.0	0.099726
16135.0	0.099679
16140.0	0.099632
16145.0	0.099585
16150.0	0.099537
16155.0	0.099490
16160.0	0.099443
16165.0	0.099396
16170.0	0.099348
16175.0	0.099301
16180.0	0.099254
16185.0	0.099206
16190.0	0.099159
16195.0	0.099112
16200.0	0.099064
16205.0	0.099017
16210.0	0.098970
16215.0	0.098922
16220.0	0.098875
16225.0	0.098827
16230.0	0.098780
16235.0	0.098732
16240.0	0.098685
16245.0	0.098637
16250.0	0.098590
16255.0	0.098542
16260.0	0.098494
16265.0	0.098447
16270.0	0.098399
16275.0	0.098351
16280.0	0.098304
16285.0	0.098256
16290.0	0.098208
16295.0	0.098160
16300.0	0.098112
16305.0	0.098064
16310.0	0.098016
16315.0	0.097968
16320.0	0.097920
16325.0	0.097872
16330.0	0.097824
16335.0	0.097776
16340.0	0.097727
16345.0	0.097679
16350.0	0.097631
16355.0	0.097582
16360.0	0.097534
16365.0	0.097486
16370.0	0.097437
16375.0	0.097389
16380.0	0.097340
16385.0	0.097291
16390.0	0.097243
16395.0	0.097194
16400.0	0.097145
16405.0	0.097097
16410.0	0.097048
16415.0	0.096999
16420.0	0.096950
16425.0	0.096901
16430.0	0.096852
16435.0	0.096803
16440.0	0.096754
16445.0	0.096705
16450.0	0.096656
16455.0	0.096607
16460.0	0.096557
16465.0	0.096508
16470.0	0.096459
16475.0	0.096409
16480.0	0.096360
16485.0	0.096311
16490.0	0.096261
16495.0	0.096212
16500.0	0.096162
16505.0	0.096113
16510.0	0.096063
16515.0	0.096013
16520.0	0.095964
16525.0	0.095914
16530.0	0.095864
16535.0	0.095814
16540.0	0.095764
16545.0	0.095714
16550.0	0.095665
16555.0	0.095615
16560.0	0.095565
16565.0	0.095515
16570.0	0.095464
16575.0	0.095414
16580.0	0.095364
16585.0	0.095314
16590.0	0.095264
16595.0	0.095213
16600.0	0.095163
16605.0	0.095113
16610.0	0.095062
16615.0	0.095012
16620.0	0.094961
16625.0	0.094911
16630.0	0.094860
16635.0	0.094810
16640.0	0.094759
16645.0	0.094709
16650.0	0.094658
16655.0	0.094607
16660.0	0.094556
16665.0	0.094506
16670.0	0.094455
16675.0	0.094404
16680.0	0.094353
16685.0	0.094302
16690.0	0.094251
16695.0	0.094200
16700.0	0.094149
16705.0	0.094098
16710.0	0.094047
16715.0	0.093996
16720.0	0.093944
16725.0	0.093893
16730.0	0.093842
16735.0	0.093791
16740.0	0.093739
16745.0	0.093688
16750.0	0.093636
16755.0	0.093585
16760.0	0.093533
16765.0	0.093482
16770.0	0.093430
16775.0	0.093379
16780.0	0.093327
16785.0	0.093275
16790.0	0.093224
16795.0	0.093172
16800.0	0.093120
16805.0	0.093068
16810.0	0.093017
16815.0	0.092965
16820.0	0.092913
16825.0	0.092861
16830.0	0.092809
16835.0	0.092757
16840.0	0.092705
16845.0	0.092653
16850.0	0.092601
16855.0	0.092548
16860.0	0.092496
16865.0	0.092444
16870.0	0.092392
16875.0	0.092340
16880.0	0.092287
16885.0	0.092235
16890.0	0.092182
16895.0	0.092130
16900.0	0.092078
16905.0	0.092025
16910.0	0.091973
16915.0	0.091920
16920.0	0.091867
16925.0	0.091815
16930.0	0.091762
16935.0	0.091710
16940.0	0.091657
16945.0	0.091604
16950.0	0.091551
16955.0	0.091498
16960.0	0.091446
16965.0	0.091393
16970.0	0.091340
16975.0	0.091287
16980.0	0.091234
16985.0	0.091181
16990.0	0.091128
16995.0	0.091075
17000.0	0.091022
17005.0	0.090969
17010.0	0.090915
17015.0	0.090862
17020.0	0.090809
17025.0	0.090756
17030.0	0.090702
17035.0	0.090649
17040.0	0.090596
17045.0	0.090542
17050.0	0.090489
17055.0	0.090435
17060.0	0.090382
17065.0	0.090328
17070.0	0.090275
17075.0	0.090221
17080.0	0.090168
17085.0	0.090114
17090.0	0.090060
17095.0	0.090007
17100.0	0.089953
17105.0	0.089899
17110.0	0.089845
17115.0	0.089792
17120.0	0.089738
17125.0	0.089684
17130.0	0.089630
17135.0	0.089576
17140.0	0.089522
17145.0	0.089468
17150.0	0.089414
17155.0	0.089360
17160.0	0.089306
17165.0	0.089252
17170.0	0.089198
17175.0	0.089144
17180.0	0.089089
17185.0	0.089035
17190.0	0.088981
17195.0	0.088927
17200.0	0.088872
17205.0	0.088818
17210.0	0.088763
17215.0	0.088709
17220.0	0.088655
17225.0	0.088600
17230.0	0.088546
17235.0	0.088491
17240.0	0.088437
17245.0	0.088382
17250.0	0.088327
17255.0	0.088273
17260.0	0.088218
17265.0	0.088164
17270.0	0.088109
17275.0	0.088054
17280.0	0.087999
17285.0	0.087945
17290.0	0.087890
17295.0	0.087835
17300.0	0.087780
17305.0	0.087725
17310.0	0.087670
17315.0	0.087615
17320.0	0.087560
17325.0	0.087505
17330.0	0.087450
17335.0	0.087395
17340.0	0.087340
17345.0	0.087285
17350.0	0.087230
17355.0	0.087175
17360.0	0.087119
17365.0	0.087064
17370.0	0.087009
17375.0	0.086954
17380.0	0.086898
17385.0	0.086843
17390.0	0.086788
17395.0	0.086732
17400.0	0.086677
17405.0	0.086621
17410.0	0.086566
17415.0	0.086510
17420.0	0.086455
17425.0	0.086399
17430.0	0.086344
17435.0	0.086288
17440.0	0.086233
17445.0	0.086177
17450.0	0.086121
17455.0	0.086066
17460.0	0.086010
17465.0	0.085954
17470.0	0.085898
17475.0	0.085843
17480.0	0.085787
17485.0	0.085731
17490.0	0.085675
17495.0	0.085619
17500.0	0.085563
17505.0	0.085507
17510.0	0.085452
17515.0	0.085396
17520.0	0.085340
17525.0	0.085284
17530.0	0.085227
17535.0	0.085171
17540.0	0.085115
17545.0	0.085059
17550.0	0.085003
17555.0	0.084947
17560.0	0.084891
17565.0	0.084834
17570.0	0.084778
17575.0	0.084722
17580.0	0.084666
17585.0	0.084609
17590.0	0.084553
17595.0	0.084497
17600.0	0.084440
17605.0	0.084384
17610.0	0.084328
17615.0	0.084271
17620.0	0.084215
17625.0	0.084158
17630.0	0.084102
17635.0	0.084045
17640.0	0.083989
17645.0	0.083932
17650.0	0.083875
17655.0	0.083819
17660.0	0.083762
17665.0	0.083705
17670.0	0.083649
17675.0	0.083592
17680.0	0.083535
17685.0	0.083479
17690.0	0.083422
17695.0	0.083365
17700.0	0.083308
17705.0	0.083251
17710.0	0.083195
17715.0	0.083138
17720.0	0.083081
17725.0	0.083024
17730.0	0.082967
17735.0	0.082910
17740.0	0.082853
17745.0	0.082796
17750.0	0.082739
17755.0	0.082682
17760.0	0.082625
17765.0	0.082568
17770.0	0.082511
17775.0	0.082454
17780.0	0.082396
17785.0	0.082339
17790.0	0.082282
17795.0	0.082225
17800.0	0.082168
17805.0	0.082111
17810.0	0.082053
17815.0	0.081996
17820.0	0.081939
17825.0	0.081881
17830.0	0.081824
17835.0	0.081767
17840.0	0.081709
17845.0	0.081652
17850.0	0.081595
17855.0	0.081537
17860.0	0.081480
17865.0	0.081422
17870.0	0.081365
17875.0	0.081307
17880.0	0.081250
17885.0	0.081192
17890.0	0.081135
17895.0	0.081077
17900.0	0.081019
17905.0	0.080962
17910.0	0.080904
17915.0	0.080847
17920.0	0.080789
17925.0	0.080731
17930.0	0.080673
17935.0	0.080616
17940.0	0.080558
17945.0	0.080500
17950.0	0.080442
17955.0	0.080385
17960.0	0.080327
17965.0	0.080269
17970.0	0.080211
17975.0	0.080153
17980.0	0.080096
17985.0	0.080038
17990.0	0.079980
17995.0	0.079922
18000.0	0.079864
18005.0	0.079806
18010.0	0.079748
18015.0	0.079690
18020.0	0.079632
18025.0	0.079574
18030.0	0.079516
18035.0	0.079458
18040.0	0.079400
18045.0	0.079342
18050.0	0.079284
18055.0	0.079225
18060.0	0.079167
18065.0	0.079109
18070.0	0.079051
18075.0	0.078993
18080.0	0.078935
18085.0	0.078876
18090.0	0.078818
18095.0	0.078760
18100.0	0.078702
18105.0	0.078643
18110.0	0.078585
18115.0	0.078527
18120.0	0.078469
18125.0	0.078410
18130.0	0.078352
18135.0	0.078294
18140.0	0.078235
18145.0	0.078177
18150.0	0.078118
18155.0	0.078060
18160.0	0.078002
18165.0	0.077943
18170.0	0.077885
18175.0	0.077826
18180.0	0.077768
18185.0	0.077709
18190.0	0.077651
18195.0	0.077592
18200.0	0.077534
18205.0	0.077475
18210.0	0.077416
18215.0	0.077358
18220.0	0.077299
18225.0	0.077241
18230.0	0.077182
18235.0	0.077123
18240.0	0.077065
18245.0	0.077006
18250.0	0.076947
18255.0	0.076889
18260.0	0.076830
18265.0	0.076771
18270.0	0.076713
18275.0	0.076654
18280.0	0.076595
18285.0	0.076536
18290.0	0.076478
18295.0	0.076419
18300.0	0.076360
18305.0	0.076301
18310.0	0.076242
18315.0	0.076184
18320.0	0.076125
18325.0	0.076066
18330.0	0.076007
18335.0	0.075948
18340.0	0.075889
18345.0	0.075830
18350.0	0.075772
18355.0	0.075713
18360.0	0.075654
18365.0	0.075595
18370.0	0.075536
18375.0	0.075477
18380.0	0.075418
18385.0	0.075359
18390.0	0.075300
18395.0	0.075241
18400.0	0.075182
18405.0	0.075123
18410.0	0.075064
18415.0	0.075005
18420.0	0.074946
18425.0	0.074887
18430.0	0.074828
18435.0	0.074768
18440.0	0.074709
18445.0	0.074650
18450.0	0.074591
18455.0	0.074532
18460.0	0.074473
18465.0	0.074414
18470.0	0.074355
18475.0	0.074295
18480.0	0.074236
18485.0	0.074177
18490.0	0.074118
18495.0	0.074059
18500.0	0.074000
18505.0	0.073940
18510.0	0.073881
18515.0	0.073822
18520.0	0.073763
18525.0	0.073703
18530.0	0.073644
18535.0	0.073585
18540.0	0.073526
18545.0	0.073466
18550.0	0.073407
18555.0	0.073348
18560.0	0.073288
18565.0	0.073229
18570.0	0.073170
18575.0	0.073110
18580.0	0.073051
18585.0	0.072992
18590.0	0.072932
18595.0	0.072873
18600.0	0.072814
18605.0	0.072754
18610.0	0.072695
18615.0	0.072635
18620.0	0.072576
18625.0	0.072517
18630.0	0.072457
18635.0	0.072398
18640.0	0.072338
18645.0	0.072279
18650.0	0.072219
18655.0	0.072160
18660.0	0.072101
18665.0	0.072041
18670.0	0.071982
18675.0	0.071922
18680.0	0.071863
18685.0	0.071803
18690.0	0.071744
18695.0	0.071684
18700.0	0.071625
18705.0	0.071565
18710.0	0.071506
18715.0	0.071446
18720.0	0.071387
18725.0	0.071327
18730.0	0.071268
18735.0	0.071208
18740.0	0.071149
18745.0	0.071089
18750.0	0.071029
18755.0	0.070970
18760.0	0.070910
18765.0	0.070851
18770.0	0.070791
18775.0	0.070732
18780.0	0.070672
18785.0	0.070612
18790.0	0.070553
18795.0	0.070493
18800.0	0.070434
18805.0	0.070374
18810.0	0.070314
18815.0	0.070255
18820.0	0.070195
18825.0	0.070136
18830.0	0.070076
18835.0	0.070016
18840.0	0.069957
18845.0	0.069897
18850.0	0.069837
18855.0	0.069778
18860.0	0.069718
18865.0	0.069658
18870.0	0.069599
18875.0	0.069539
18880.0	0.069479
18885.0	0.069420
18890.0	0.069360
18895.0	0.069300
18900.0	0.069241
18905.0	0.069181
18910.0	0.069121
18915.0	0.069062
18920.0	0.069002
18925.0	0.068942
18930.0	0.068883
18935.0	0.068823
18940.0	0.068763
18945.0	0.068704
18950.0	0.068644
18955.0	0.068584
18960.0	0.068525
18965.0	0.068465
18970.0	0.068405
18975.0	0.068345
18980.0	0.068286
18985.0	0.068226
18990.0	0.068166
18995.0	0.068107
19000.0	0.068047
19005.0	0.067987
19010.0	0.067927
19015.0	0.067868
19020.0	0.067808
19025.0	0.067748
19030.0	0.067689
19035.0	0.067629
19040.0	0.067569
19045.0	0.067509
19050.0	0.067450
19055.0	0.067390
19060.0	0.067330
19065.0	0.067271
19070.0	0.067211
19075.0	0.067151
19080.0	0.067091
19085.0	0.067032
19090.0	0.066972
19095.0	0.066912
19100.0	0.066852
19105.0	0.066793
19110.0	0.066733
19115.0	0.066673
19120.0	0.066614
19125.0	0.066554
19130.0	0.066494
19135.0	0.066434
19140.0	0.066375
19145.0	0.066315
19150.0	0.066255
19155.0	0.066196
19160.0	0.066136
19165.0	0.066076
19170.0	0.066016
19175.0	0.065957
19180.0	0.065897
19185.0	0.065837
19190.0	0.065778
19195.0	0.065718
19200.0	0.065658
19205.0	0.065599
19210.0	0.065539
19215.0	0.065479
19220.0	0.065419
19225.0	0.065360
19230.0	0.065300
19235.0	0.065240
19240.0	0.065181
19245.0	0.065121
19250.0	0.065061
19255.0	0.065002
19260.0	0.064942
19265.0	0.064882
19270.0	0.064823
19275.0	0.064763
19280.0	0.064703
19285.0	0.064644
19290.0	0.064584
19295.0	0.064524
19300.0	0.064465
19305.0	0.064405
19310.0	0.064345
19315.0	0.064286
19320.0	0.064226
19325.0	0.064167
19330.0	0.064107
19335.0	0.064047
19340.0	0.063988
19345.0	0.063928
19350.0	0.063868
19355.0	0.063809
19360.0	0.063749
19365.0	0.063690
19370.0	0.063630
19375.0	0.063570
19380.0	0.063511
19385.0	0.063451
19390.0	0.063392
19395.0	0.063332
19400.0	0.063273
19405.0	0.063213
19410.0	0.063153
19415.0	0.063094
19420.0	0.063034
19425.0	0.062975
19430.0	0.062915
19435.0	0.062856
19440.0	0.062796
19445.0	0.062737
19450.0	0.062677
19455.0	0.062618
19460.0	0.062558
19465.0	0.062499
19470.0	0.062439
19475.0	0.062380
19480.0	0.062320
19485.0	0.062261
19490.0	0.062201
19495.0	0.062142
19500.0	0.062082
19505.0	0.062023
19510.0	0.061964
19515.0	0.061904
19520.0	0.061845
19525.0	0.061785
19530.0	0.061726
19535.0	0.061666
19540.0	0.061607
19545.0	0.061548
19550.0	0.061488
19555.0	0.061429
19560.0	0.061370
19565.0	0.061310
19570.0	0.061251
19575.0	0.061191
19580.0	0.061132
19585.0	0.061073
19590.0	0.061013
19595.0	0.060954
19600.0	0.060895
19605.0	0.060836
19610.0	0.060776
19615.0	0.060717
19620.0	0.060658
19625.0	0.060598
19630.0	0.060539
19635.0	0.060480
19640.0	0.060421
19645.0	0.060361
19650.0	0.060302
19655.0	0.060243
19660.0	0.060184
19665.0	0.060125
19670.0	0.060065
19675.0	0.060006
19680.0	0.059947
19685.0	0.059888
19690.0	0.059829
19695.0	0.059770
19700.0	0.059711
19705.0	0.059651
19710.0	0.059592
19715.0	0.059533
19720.0	0.059474
19725.0	0.059415
19730.0	0.059356
19735.0	0.059297
19740.0	0.059238
19745.0	0.059179
19750.0	0.059120
19755.0	0.059061
19760.0	0.059002
19765.0	0.058943
19770.0	0.058884
19775.0	0.058825
19780.0	0.058766
19785.0	0.058707
19790.0	0.058648
19795.0	0.058589
19800.0	0.058530
19805.0	0.058471
19810.0	0.058412
19815.0	0.058353
19820.0	0.058294
19825.0	0.058235
19830.0	0.058177
19835.0	0.058118
19840.0	0.058059
19845.0	0.058000
19850.0	0.057941
19855.0	0.057882
19860.0	0.057824
19865.0	0.057765
19870.0	0.057706
19875.0	0.057647
19880.0	0.057589
19885.0	0.057530
19890.0	0.057471
19895.0	0.057413
19900.0	0.057354
19905.0	0.057295
19910.0	0.057236
19915.0	0.057178
19920.0	0.057119
19925.0	0.057061
19930.0	0.057002
19935.0	0.056943
19940.0	0.056885
19945.0	0.056826
19950.0	0.056768
19955.0	0.056709
19960.0	0.056651
19965.0	0.056592
19970.0	0.056534
19975.0	0.056475
19980.0	0.056417
19985.0	0.056358
19990.0	0.056300
19995.0	0.056241
20000.0	0.056183
20005.0	0.056124
20010.0	0.056066
20015.0	0.056008
20020.0	0.055949
20025.0	0.055891
20030.0	0.055832
20035.0	0.055774
20040.0	0.055716
20045.0	0.055658
20050.0	0.055599
20055.0	0.055541
20060.0	0.055483
20065.0	0.055425
20070.0	0.055366
20075.0	0.055308
20080.0	0.055250
20085.0	0.055192
20090.0	0.055134
20095.0	0.055075
20100.0	0.055017
20105.0	0.054959
20110.0	0.054901
20115.0	0.054843
20120.0	0.054785
20125.0	0.054727
20130.0	0.054669
20135.0	0.054611
20140.0	0.054553
20145.0	0.054495
20150.0	0.054437
20155.0	0.054379
20160.0	0.054321
20165.0	0.054263
20170.0	0.054205
20175.0	0.054147
20180.0	0.054089
20185.0	0.054032
20190.0	0.053974
20195.0	0.053916
20200.0	0.053858
20205.0	0.053800
20210.0	0.053743
20215.0	0.053685
20220.0	0.053627
20225.0	0.053569
20230.0	0.053512
20235.0	0.053454
20240.0	0.053396
20245.0	0.053339
20250.0	0.053281
20255.0	0.053223
20260.0	0.053166
20265.0	0.053108
20270.0	0.053051
20275.0	0.052993
20280.0	0.052936
20285.0	0.052878
20290.0	0.052821
20295.0	0.052763
20300.0	0.052706
20305.0	0.052648
20310.0	0.052591
20315.0	0.052534
20320.0	0.052476
20325.0	0.052419
20330.0	0.052362
20335.0	0.052304
20340.0	0.052247
20345.0	0.052190
20350.0	0.052132
20355.0	0.052075
20360.0	0.052018
20365.0	0.051961
20370.0	0.051904
20375.0	0.051846
20380.0	0.051789
20385.0	0.051732
20390.0	0.051675
20395.0	0.051618
20400.0	0.051561
20405.0	0.051504
20410.0	0.051447
20415.0	0.051390
20420.0	0.051333
20425.0	0.051276
20430.0	0.051219
20435.0	0.051162
20440.0	0.051105
20445.0	0.051048
20450.0	0.050992
20455.0	0.050935
20460.0	0.050878
20465.0	0.050821
20470.0	0.050764
20475.0	0.050708
20480.0	0.050651
20485.0	0.050594
20490.0	0.050538
20495.0	0.050481
20500.0	0.050424
20505.0	0.050368
20510.0	0.050311
20515.0	0.050255
20520.0	0.050198
20525.0	0.050141
20530.0	0.050085
20535.0	0.050028
20540.0	0.049972
20545.0	0.049916
20550.0	0.049859
20555.0	0.049803
20560.0	0.049746
20565.0	0.049690
20570.0	0.049634
20575.0	0.049577
20580.0	0.049521
20585.0	0.049465
20590.0	0.049409
20595.0	0.049352
20600.0	0.049296
20605.0	0.049240
20610.0	0.049184
20615.0	0.049128
20620.0	0.049072
20625.0	0.049016
20630.0	0.048960
20635.0	0.048904
20640.0	0.048848
20645.0	0.048792
20650.0	0.048736
20655.0	0.048680
20660.0	0.048624
20665.0	0.048568
20670.0	0.048512
20675.0	0.048456
20680.0	0.048401
20685.0	0.048345
20690.0	0.048289
20695.0	0.048233
20700.0	0.048178
20705.0	0.048122
20710.0	0.048066
20715.0	0.048011
20720.0	0.047955
20725.0	0.047899
20730.0	0.047844
20735.0	0.047788
20740.0	0.047733
20745.0	0.047677
20750.0	0.047622
20755.0	0.047566
20760.0	0.047511
20765.0	0.047456
20770.0	0.047400
20775.0	0.047345
20780.0	0.047290
20785.0	0.047234
20790.0	0.047179
20795.0	0.047124
20800.0	0.047069
20805.0	0.047014
20810.0	0.046959
20815.0	0.046903
20820.0	0.046848
20825.0	0.046793
20830.0	0.046738
20835.0	0.046683
20840.0	0.046628
20845.0	0.046573
20850.0	0.046518
20855.0	0.046463
20860.0	0.046409
20865.0	0.046354
20870.0	0.046299
20875.0	0.046244
20880.0	0.046189
20885.0	0.046135
20890.0	0.046080
20895.0	0.046025
20900.0	0.045971
20905.0	0.045916
20910.0	0.045861
20915.0	0.045807
20920.0	0.045752
20925.0	0.045698
20930.0	0.045643
20935.0	0.045589
20940.0	0.045534
20945.0	0.045480
20950.0	0.045426
20955.0	0.045371
20960.0	0.045317
20965.0	0.045263
20970.0	0.045208
20975.0	0.045154
20980.0	0.045100
20985.0	0.045046
20990.0	0.044992
20995.0	0.044938
21000.0	0.044884
21005.0	0.044830
21010.0	0.044775
21015.0	0.044722
21020.0	0.044668
21025.0	0.044614
21030.0	0.044560
21035.0	0.044506
21040.0	0.044452
21045.0	0.044398
21050.0	0.044344
21055.0	0.044291
21060.0	0.044237
21065.0	0.044183
21070.0	0.044130
21075.0	0.044076
21080.0	0.044022
21085.0	0.043969
21090.0	0.043915
21095.0	0.043862
21100.0	0.043808
21105.0	0.043755
21110.0	0.043701
21115.0	0.043648
21120.0	0.043595
21125.0	0.043541
21130.0	0.043488
21135.0	0.043435
21140.0	0.043382
21145.0	0.043328
21150.0	0.043275
21155.0	0.043222
21160.0	0.043169
21165.0	0.043116
21170.0	0.043063
21175.0	0.043010
21180.0	0.042957
21185.0	0.042904
21190.0	0.042851
21195.0	0.042798
21200.0	0.042745
21205.0	0.042693
21210.0	0.042640
21215.0	0.042587
21220.0	0.042534
21225.0	0.042482
21230.0	0.042429
21235.0	0.042376
21240.0	0.042324
21245.0	0.042271
21250.0	0.042219
21255.0	0.042166
21260.0	0.042114
21265.0	0.042061
21270.0	0.042009
21275.0	0.041957
21280.0	0.041904
21285.0	0.041852
21290.0	0.041800
21295.0	0.041748
21300.0	0.041695
21305.0	0.041643
21310.0	0.041591
21315.0	0.041539
21320.0	0.041487
21325.0	0.041435
21330.0	0.041383
21335.0	0.041331
21340.0	0.041279
21345.0	0.041227
21350.0	0.041176
21355.0	0.041124
21360.0	0.041072
21365.0	0.041020
21370.0	0.040969
21375.0	0.040917
21380.0	0.040865
21385.0	0.040814
21390.0	0.040762
21395.0	0.040711
21400.0	0.040659
21405.0	0.040608
21410.0	0.040556
21415.0	0.040505
21420.0	0.040454
21425.0	0.040402
21430.0	0.040351
21435.0	0.040300
21440.0	0.040249
21445.0	0.040197
21450.0	0.040146
21455.0	0.040095
21460.0	0.040044
21465.0	0.039993
21470.0	0.039942
21475.0	0.039891
21480.0	0.039840
21485.0	0.039789
21490.0	0.039739
21495.0	0.039688
21500.0	0.039637
21505.0	0.039586
21510.0	0.039536
21515.0	0.039485
21520.0	0.039434
21525.0	0.039384
21530.0	0.039333
21535.0	0.039283
21540.0	0.039232
21545.0	0.039182
21550.0	0.039132
21555.0	0.039081
21560.0	0.039031
21565.0	0.038981
21570.0	0.038930
21575.0	0.038880
21580.0	0.038830
21585.0	0.038780
21590.0	0.038730
21595.0	0.038680
21600.0	0.038630
21605.0	0.038580
21610.0	0.038530
21615.0	0.038480
21620.0	0.038430
21625.0	0.038380
21630.0	0.038331
21635.0	0.038281
21640.0	0.038231
21645.0	0.038182
21650.0	0.038132
21655.0	0.038082
21660.0	0.038033
21665.0	0.037983
21670.0	0.037934
21675.0	0.037885
21680.0	0.037835
21685.0	0.037786
21690.0	0.037737
21695.0	0.037687
21700.0	0.037638
21705.0	0.037589
21710.0	0.037540
21715.0	0.037491
21720.0	0.037442
21725.0	0.037393
21730.0	0.037344
21735.0	0.037295
21740.0	0.037246
21745.0	0.037197
21750.0	0.037148
21755.0	0.037099
21760.0	0.037051
21765.0	0.037002
21770.0	0.036953
21775.0	0.036905
21780.0	0.036856
21785.0	0.036808
21790.0	0.036759
21795.0	0.036711
21800.0	0.036662
21805.0	0.036614
21810.0	0.036566
21815.0	0.036517
21820.0	0.036469
21825.0	0.036421
21830.0	0.036373
21835.0	0.036325
21840.0	0.036277
21845.0	0.036229
21850.0	0.036181
21855.0	0.036133
21860.0	0.036085
21865.0	0.036037
21870.0	0.035989
21875.0	0.035941
21880.0	0.035894
21885.0	0.035846
21890.0	0.035798
21895.0	0.035751
21900.0	0.035703
21905.0	0.035656
21910.0	0.035608
21915.0	0.035561
21920.0	0.035513
21925.0	0.035466
21930.0	0.035419
21935.0	0.035372
21940.0	0.035324
21945.0	0.035277
21950.0	0.035230
21955.0	0.035183
21960.0	0.035136
21965.0	0.035089
21970.0	0.035042
21975.0	0.034995
21980.0	0.034948
21985.0	0.034901
21990.0	0.034855
21995.0	0.034808
22000.0	0.034761
22005.0	0.034715
22010.0	0.034668
22015.0	0.034621
22020.0	0.034575
22025.0	0.034528
22030.0	0.034482
22035.0	0.034435
22040.0	0.034389
22045.0	0.034343
22050.0	0.034297
22055.0	0.034250
22060.0	0.034204
22065.0	0.034158
22070.0	0.034112
22075.0	0.034066
22080.0	0.034020
22085.0	0.033974
22090.0	0.033928
22095.0	0.033882
22100.0	0.033836
22105.0	0.033790
22110.0	0.033745
22115.0	0.033699
22120.0	0.033653
22125.0	0.033608
22130.0	0.033562
22135.0	0.033516
22140.0	0.033471
22145.0	0.033425
22150.0	0.033380
22155.0	0.033335
22160.0	0.033289
22165.0	0.033244
22170.0	0.033199
22175.0	0.033153
22180.0	0.033108
22185.0	0.033063
22190.0	0.033018
22195.0	0.032973
22200.0	0.032928
22205.0	0.032883
22210.0	0.032838
22215.0	0.032793
22220.0	0.032748
22225.0	0.032704
22230.0	0.032659
22235.0	0.032614
22240.0	0.032569
22245.0	0.032525
22250.0	0.032480
22255.0	0.032436
22260.0	0.032391
22265.0	0.032347
22270.0	0.032302
22275.0	0.032258
22280.0	0.032213
22285.0	0.032169
22290.0	0.032125
22295.0	0.032081
22300.0	0.032037
22305.0	0.031992
22310.0	0.031948
22315.0	0.031904
22320.0	0.031860
22325.0	0.031816
22330.0	0.031772
22335.0	0.031728
22340.0	0.031685
22345.0	0.031641
22350.0	0.031597
22355.0	0.031553
22360.0	0.031510
22365.0	0.031466
22370.0	0.031422
22375.0	0.031379
22380.0	0.031335
22385.0	0.031292
22390.0	0.031248
22395.0	0.031205
22400.0	0.031162
22405.0	0.031118
22410.0	0.031075
22415.0	0.031032
22420.0	0.030989
22425.0	0.030946
22430.0	0.030902
22435.0	0.030859
22440.0	0.030816
22445.0	0.030773
22450.0	0.030730
22455.0	0.030688
22460.0	0.030645
22465.0	0.030602
22470.0	0.030559
22475.0	0.030516
22480.0	0.030474
22485.0	0.030431
22490.0	0.030388
22495.0	0.030346
22500.0	0.030303
22505.0	0.030261
22510.0	0.030218
22515.0	0.030176
22520.0	0.030134
22525.0	0.030091
22530.0	0.030049
22535.0	0.030007
22540.0	0.029964
22545.0	0.029922
22550.0	0.029880
22555.0	0.029838
22560.0	0.029796
22565.0	0.029754
22570.0	0.029712
22575.0	0.029670
22580.0	0.029628
22585.0	0.029586
22590.0	0.029545
22595.0	0.029503
22600.0	0.029461
22605.0	0.029419
22610.0	0.029378
22615.0	0.029336
22620.0	0.029295
22625.0	0.029253
22630.0	0.029212
22635.0	0.029170
22640.0	0.029129
22645.0	0.029087
22650.0	0.029046
22655.0	0.029005
22660.0	0.028964
22665.0	0.028922
22670.0	0.028881
22675.0	0.028840
22680.0	0.028799
22685.0	0.028758
22690.0	0.028717
22695.0	0.028676
22700.0	0.028635
22705.0	0.028594
22710.0	0.028554
22715.0	0.028513
22720.0	0.028472
22725.0	0.028431
22730.0	0.028391
22735.0	0.028350
22740.0	0.028309
22745.0	0.028269
22750.0	0.028228
22755.0	0.028188
22760.0	0.028147
22765.0	0.028107
22770.0	0.028067
22775.0	0.028026
22780.0	0.027986
22785.0	0.027946
22790.0	0.027906
22795.0	0.027865
22800.0	0.027825
22805.0	0.027785
22810.0	0.027745
22815.0	0.027705
22820.0	0.027665
22825.0	0.027625
22830.0	0.027585
22835.0	0.027546
22840.0	0.027506
22845.0	0.027466
22850.0	0.027426
22855.0	0.027387
22860.0	0.027347
22865.0	0.027307
22870.0	0.027268
22875.0	0.027228
22880.0	0.027189
22885.0	0.027149
22890.0	0.027110
22895.0	0.027071
22900.0	0.027031
22905.0	0.026992
22910.0	0.026953
22915.0	0.026914
22920.0	0.026874
22925.0	0.026835
22930.0	0.026796
22935.0	0.026757
22940.0	0.026718
22945.0	0.026679
22950.0	0.026640
22955.0	0.026601
22960.0	0.026563
22965.0	0.026524
22970.0	0.026485
22975.0	0.026446
22980.0	0.026408
22985.0	0.026369
22990.0	0.026330
22995.0	0.026292
23000.0	0.026253
23005.0	0.026215
23010.0	0.026176
23015.0	0.026138
23020.0	0.026099
23025.0	0.026061
23030.0	0.026023
23035.0	0.025985
23040.0	0.025946
23045.0	0.025908
23050.0	0.025870
23055.0	0.025832
23060.0	0.025794
23065.0	0.025756
23070.0	0.025718
23075.0	0.025680
23080.0	0.025642
23085.0	0.025604
23090.0	0.025566
23095.0	0.025528
23100.0	0.025491
23105.0	0.025453
23110.0	0.025415
23115.0	0.025378
23120.0	0.025340
23125.0	0.025302
23130.0	0.025265
23135.0	0.025227
23140.0	0.025190
23145.0	0.025153
23150.0	0.025115
23155.0	0.025078
23160.0	0.025041
23165.0	0.025003
23170.0	0.024966
23175.0	0.024929
23180.0	0.024892
23185.0	0.024855
23190.0	0.024818
23195.0	0.024781
23200.0	0.024744
23205.0	0.024707
23210.0	0.024670
23215.0	0.024633
23220.0	0.024596
23225.0	0.024559
23230.0	0.024522
23235.0	0.024486
23240.0	0.024449
23245.0	0.024412
23250.0	0.024376
23255.0	0.024339
23260.0	0.024303
23265.0	0.024266
23270.0	0.024230
23275.0	0.024193
23280.0	0.024157
23285.0	0.024121
23290.0	0.024084
23295.0	0.024048
23300.0	0.024012
23305.0	0.023976
23310.0	0.023940
23315.0	0.023903
23320.0	0.023867
23325.0	0.023831
23330.0	0.023795
23335.0	0.023759
23340.0	0.023723
23345.0	0.023688
23350.0	0.023652
23355.0	0.023616
23360.0	0.023580
23365.0	0.023544
23370.0	0.023509
23375.0	0.023473
23380.0	0.023437
23385.0	0.023402
23390.0	0.023366
23395.0	0.023331
23400.0	0.023295
23405.0	0.023260
23410.0	0.023225
23415.0	0.023189
23420.0	0.023154
23425.0	0.023119
23430.0	0.023083
23435.0	0.023048
23440.0	0.023013
23445.0	0.022978
23450.0	0.022943
23455.0	0.022908
23460.0	0.022873
23465.0	0.022838
23470.0	0.022803
23475.0	0.022768
23480.0	0.022733
23485.0	0.022698
23490.0	0.022663
23495.0	0.022629
23500.0	0.022594
23505.0	0.022559
23510.0	0.022525
23515.0	0.022490
23520.0	0.022456
23525.0	0.022421
23530.0	0.022387
23535.0	0.022352
23540.0	0.022318
23545.0	0.022283
23550.0	0.022249
23555.0	0.022215
23560.0	0.022180
23565.0	0.022146
23570.0	0.022112
23575.0	0.022078
23580.0	0.022044
23585.0	0.022010
23590.0	0.021976
23595.0	0.021942
23600.0	0.021908
23605.0	0.021874
23610.0	0.021840
23615.0	0.021806
23620.0	0.021772
23625.0	0.021738
23630.0	0.021705
23635.0	0.021671
23640.0	0.021637
23645.0	0.021604
23650.0	0.021570
23655.0	0.021536
23660.0	0.021503
23665.0	0.021469
23670.0	0.021436
23675.0	0.021403
23680.0	0.021369
23685.0	0.021336
23690.0	0.021302
23695.0	0.021269
23700.0	0.021236
23705.0	0.021203
23710.0	0.021170
23715.0	0.021137
23720.0	0.021103
23725.0	0.021070
23730.0	0.021037
23735.0	0.021004
23740.0	0.020971
23745.0	0.020939
23750.0	0.020906
23755.0	0.020873
23760.0	0.020840
23765.0	0.020807
23770.0	0.020775
23775.0	0.020742
23780.0	0.020709
23785.0	0.020677
23790.0	0.020644
23795.0	0.020612
23800.0	0.020579
23805.0	0.020547
23810.0	0.020514
23815.0	0.020482
23820.0	0.020449
23825.0	0.020417
23830.0	0.020385
23835.0	0.020353
23840.0	0.020320
23845.0	0.020288
23850.0	0.020256
23855.0	0.020224
23860.0	0.020192
23865.0	0.020160
23870.0	0.020128
23875.0	0.020096
23880.0	0.020064
23885.0	0.020032
23890.0	0.020000
23895.0	0.019969
23900.0	0.019937
23905.0	0.019905
23910.0	0.019873
23915.0	0.019842
23920.0	0.019810
23925.0	0.019778
23930.0	0.019747
23935.0	0.019715
23940.0	0.019684
23945.0	0.019652
23950.0	0.019621
23955.0	0.019590
23960.0	0.019558
23965.0	0.019527
23970.0	0.019496
23975.0	0.019464
23980.0	0.019433
23985.0	0.019402
23990.0	0.019371
23995.0	0.019340
24000.0	0.019309
24005.0	0.019278
24010.0	0.019247
24015.0	0.019216
24020.0	0.019185
24025.0	0.019154
24030.0	0.019123
24035.0	0.019092
24040.0	0.019062
24045.0	0.019031
24050.0	0.019000
24055.0	0.018970
24060.0	0.018939
24065.0	0.018908
24070.0	0.018878
24075.0	0.018847
24080.0	0.018817
24085.0	0.018786
24090.0	0.018756
24095.0	0.018725
24100.0	0.018695
24105.0	0.018665
24110.0	0.018635
24115.0	0.018604
24120.0	0.018574
24125.0	0.018544
24130.0	0.018514
24135.0	0.018484
24140.0	0.018454
24145.0	0.018424
24150.0	0.018394
24155.0	0.018364
24160.0	0.018334
24165.0	0.018304
24170.0	0.018274
24175.0	0.018244
24180.0	0.018214
24185.0	0.018185
24190.0	0.018155
24195.0	0.018125
24200.0	0.018096
24205.0	0.018066
24210.0	0.018036
24215.0	0.018007
24220.0	0.017977
24225.0	0.017948
24230.0	0.017918
24235.0	0.017889
24240.0	0.017860
24245.0	0.017830
24250.0	0.017801
24255.0	0.017772
24260.0	0.017743
24265.0	0.017713
24270.0	0.017684
24275.0	0.017655
24280.0	0.017626
24285.0	0.017597
24290.0	0.017568
24295.0	0.017539
24300.0	0.017510
24305.0	0.017481
24310.0	0.017452
24315.0	0.017423
24320.0	0.017395
24325.0	0.017366
24330.0	0.017337
24335.0	0.017308
24340.0	0.017280
24345.0	0.017251
24350.0	0.017223
24355.0	0.017194
24360.0	0.017165
24365.0	0.017137
24370.0	0.017108
24375.0	0.017080
24380.0	0.017052
24385.0	0.017023
24390.0	0.016995
24395.0	0.016967
24400.0	0.016938
24405.0	0.016910
24410.0	0.016882
24415.0	0.016854
24420.0	0.016826
24425.0	0.016798
24430.0	0.016770
24435.0	0.016742
24440.0	0.016714
24445.0	0.016686
24450.0	0.016658
24455.0	0.016630
24460.0	0.016602
24465.0	0.016574
24470.0	0.016546
24475.0	0.016519
24480.0	0.016491
24485.0	0.016463
24490.0	0.016436
24495.0	0.016408
24500.0	0.016381
24505.0	0.016353
24510.0	0.016325
24515.0	0.016298
24520.0	0.016271
24525.0	0.016243
24530.0	0.016216
24535.0	0.016188
24540.0	0.016161
24545.0	0.016134
24550.0	0.016107
24555.0	0.016079
24560.0	0.016052
24565.0	0.016025
24570.0	0.015998
24575.0	0.015971
24580.0	0.015944
24585.0	0.015917
24590.0	0.015890
24595.0	0.015863
24600.0	0.015836
24605.0	0.015809
24610.0	0.015783
24615.0	0.015756
24620.0	0.015729
24625.0	0.015702
24630.0	0.015676
24635.0	0.015649
24640.0	0.015622
24645.0	0.015596
24650.0	0.015569
24655.0	0.015543
24660.0	0.015516
24665.0	0.015490
24670.0	0.015463
24675.0	0.015437
24680.0	0.015410
24685.0	0.015384
24690.0	0.015358
24695.0	0.015332
24700.0	0.015305
24705.0	0.015279
24710.0	0.015253
24715.0	0.015227
24720.0	0.015201
24725.0	0.015175
24730.0	0.015149
24735.0	0.015123
24740.0	0.015097
24745.0	0.015071
24750.0	0.015045
24755.0	0.015019
24760.0	0.014993
24765.0	0.014967
24770.0	0.014942
24775.0	0.014916
24780.0	0.014890
24785.0	0.014865
24790.0	0.014839
24795.0	0.014813
24800.0	0.014788
24805.0	0.014762
24810.0	0.014737
24815.0	0.014711
24820.0	0.014686
24825.0	0.014661
24830.0	0.014635
24835.0	0.014610
24840.0	0.014585
24845.0	0.014559
24850.0	0.014534
24855.0	0.014509
24860.0	0.014484
24865.0	0.014459
24870.0	0.014433
24875.0	0.014408
24880.0	0.014383
24885.0	0.014358
24890.0	0.014333
24895.0	0.014308
24900.0	0.014284
24905.0	0.014259
24910.0	0.014234
24915.0	0.014209
24920.0	0.014184
24925.0	0.014160
24930.0	0.014135
24935.0	0.014110
24940.0	0.014085
24945.0	0.014061
24950.0	0.014036
24955.0	0.014012
24960.0	0.013987
24965.0	0.013963
24970.0	0.013938
24975.0	0.013914
24980.0	0.013889
24985.0	0.013865
24990.0	0.013841
24995.0	0.013817
25000.0	0.000000
