1150.0	12.354247
1155.0	9.928268
1160.0	8.410753
1165.0	7.509275
1170.0	6.670680
1175.0	6.781011
1180.0	7.357984
1185.0	6.852360
1190.0	4.872262
1195.0	3.911742
1200.0	3.635705
1205.0	3.118013
1210.0	3.574178
1215.0	4.025427
1220.0	2.568774
1225.0	1.621761
1230.0	1.946986
1235.0	3.440087
1240.0	7.304927
1245.0	10.425267
1250.0	9.332570
1255.0	8.277149
1260.0	8.269590
1265.0	8.999817
1270.0	9.816989
1275.0	10.038819
1280.0	10.157413
1285.0	10.720798
1290.0	11.270990
1295.0	11.288293
1300.0	10.213554
1305.0	9.725484
1310.0	10.801042
1315.0	11.241415
1320.0	11.143845
1325.0	11.355783
1330.0	10.812620
1335.0	9.796715
1340.0	10.036439
1345.0	11.388572
1350.0	11.942840
1355.0	11.697521
1360.0	10.939327
1365.0	10.472205
1370.0	10.386893
1375.0	10.265371
1380.0	10.594095
1385.0	9.101425
1390.0	9.106222
1395.0	10.218836
1400.0	12.030488
1405.0	12.692549
1410.0	12.465882
1415.0	12.188085
1420.0	11.972627
1425.0	12.549244
1430.0	12.381000
1435.0	13.183895
1440.0	12.588732
1445.0	12.072426
1450.0	11.745475
1455.0	11.344063
1460.0	11.558090
1465.0	12.287302
1470.0	13.342228
1475.0	13.789039
1480.0	14.373831
1485.0	14.915152
1490.0	15.405516
1495.0	14.876936
1500.0	13.815476
1505.0	14.264360
1510.0	14.894167
1515.0	14.642174
1520.0	14.612108
1525.0	13.738270
1530.0	10.425825
1535.0	5.192809
1540.0	4.034249
1545.0	8.733002
1550.0	16.761051
1555.0	20.603991
1560.0	17.648708
1565.0	14.894928
1570.0	14.415968
1575.0	14.725375
1580.0	14.549064
1585.0	14.076339
1590.0	13.778352
1595.0	13.536096
1600.0	13.048507
1605.0	12.583019
1610.0	12.014565
1615.0	12.153325
1620.0	12.099739
1625.0	12.197218
1630.0	12.312810
1635.0	12.549278
1640.0	12.834955
1645.0	13.522785
1650.0	13.270918
1655.0	12.011052
1660.0	11.829187
1665.0	12.650260
1670.0	12.388281
1675.0	12.455683
1680.0	13.185306
1685.0	13.291745
1690.0	13.062643
1695.0	12.934876
1700.0	12.634619
1705.0	12.162938
1710.0	10.960016
1715.0	10.233763
1720.0	11.535001
1725.0	12.728098
1730.0	12.800633
1735.0	12.909595
1740.0	12.770240
1745.0	12.601005
1750.0	12.427034
1755.0	12.513680
1760.0	12.520302
1765.0	12.271631
1770.0	12.151934
1775.0	12.350992
1780.0	12.207653
1785.0	11.225578
1790.0	9.867487
1795.0	10.754947
1800.0	11.228872
1805.0	10.871095
1810.0	10.663568
1815.0	10.987250
1820.0	11.055533
1825.0	10.850305
1830.0	10.662852
1835.0	10.525848
1840.0	10.271605
1845.0	10.132284
1850.0	9.780405
1855.0	9.363360
1860.0	9.375544
1865.0	9.483219
1870.0	9.344897
1875.0	9.076859
1880.0	9.020525
1885.0	8.783040
1890.0	8.647580
1895.0	8.541557
1900.0	8.310987
1905.0	8.013688
1910.0	7.913830
1915.0	7.650915
1920.0	7.274323
1925.0	7.102759
1930.0	7.157187
1935.0	7.082033
1940.0	6.943686
1945.0	6.773274
1950.0	6.621999
1955.0	6.383287
1960.0	6.088006
1965.0	5.908768
1970.0	5.727754
1975.0	5.799105
1980.0	5.645377
1985.0	5.521245
1990.0	5.106112
1995.0	4.826860
2000.0	5.111944
2005.0	4.885216
2010.0	4.573777
2015.0	4.584790
2020.0	4.503578
2025.0	4.240175
2030.0	4.129937
2035.0	4.207735
2040.0	4.035404
2045.0	3.889281
2050.0	3.855501
2055.0	3.911336
2060.0	3.437137
2065.0	3.304794
2070.0	3.763025
2075.0	3.530975
2080.0	3.654477
2085.0	3.468575
2090.0	3.215738
2095.0	2.952195
2100.0	2.596302
2105.0	2.644565
2110.0	2.885005
2115.0	2.844980
2120.0	2.621891
2125.0	2.728950
2130.0	2.785945
2135.0	2.407447
2140.0	2.330971
2145.0	2.281234
2150.0	2.207196
2155.0	2.292736
2160.0	2.328056
2165.0	2.232810
2170.0	2.143929
2175.0	1.943004
2180.0	1.752884
2185.0	1.754634
2190.0	1.819848
2195.0	1.998276
2200.0	2.062936
2205.0	2.103238
2210.0	1.984544
2215.0	2.018105
2220.0	2.051461
2225.0	2.148038
2230.0	2.267962
2235.0	2.180169
2240.0	2.178752
2245.0	2.228225
2250.0	2.501392
2255.0	2.737138
2260.0	2.591789
2265.0	2.460554
2270.0	2.715842
2275.0	2.609978
2280.0	2.570449
2285.0	2.633254
2290.0	2.757573
2295.0	2.891746
2300.0	2.875659
2305.0	3.043302
2310.0	3.359229
2315.0	3.425841
2320.0	3.165980
2325.0	3.341468
2330.0	3.675023
2335.0	3.857401
2340.0	3.769199
2345.0	3.779188
2350.0	3.907269
2355.0	3.917960
2360.0	3.969418
2365.0	3.918830
2370.0	4.108988
2375.0	4.199293
2380.0	4.316381
2385.0	4.350537
2390.0	4.208629
2395.0	4.364014
2400.0	4.731734
2405.0	4.630998
2410.0	4.582914
2415.0	4.617506
2420.0	4.691247
2425.0	4.889919
2430.0	5.154402
2435.0	5.108383
2440.0	5.118075
2445.0	5.349842
2450.0	5.312993
2455.0	5.657761
2460.0	5.981045
2465.0	6.014513
2470.0	5.659464
2475.0	5.557835
2480.0	5.564890
2485.0	5.657494
2490.0	5.721494
2495.0	5.530495
2500.0	5.810987
2505.0	5.816087
2510.0	5.755470
2515.0	5.725237
2520.0	5.730535
2525.0	5.885444
2530.0	6.190369
2535.0	6.351297
2540.0	6.236351
2545.0	6.178383
2550.0	6.375881
2555.0	6.290639
2560.0	6.221519
2565.0	6.471826
2570.0	6.569402
2575.0	6.467954
2580.0	5.467284
2585.0	4.983804
2590.0	5.579272
2595.0	6.049005
2600.0	6.081197
2605.0	6.241147
2610.0	6.327127
2615.0	6.680542
2620.0	6.848479
2625.0	6.886405
2630.0	6.879529
2635.0	6.857961
2640.0	6.556355
2645.0	6.612978
2650.0	6.819241
2655.0	6.868794
2660.0	6.779873
2665.0	6.673353
2670.0	6.740400
2675.0	6.773973
2680.0	6.790723
2685.0	6.845486
2690.0	7.015737
2695.0	6.780900
2700.0	6.700571
2705.0	6.811278
2710.0	6.840482
2715.0	6.746272
2720.0	6.753408
2725.0	6.769570
2730.0	6.967436
2735.0	7.008129
2740.0	6.983191
2745.0	6.897233
2750.0	7.035151
2755.0	6.950256
2760.0	7.161397
2765.0	7.359293
2770.0	7.204125
2775.0	7.005527
2780.0	7.017360
2785.0	6.922927
2790.0	6.840604
2795.0	6.521082
2800.0	6.245466
2805.0	6.520746
2810.0	7.093396
2815.0	7.254028
2820.0	7.235205
2825.0	7.030965
2830.0	6.983291
2835.0	7.143864
2840.0	7.283491
2845.0	7.132699
2850.0	7.049846
2855.0	6.917205
2860.0	7.058835
2865.0	7.241823
2870.0	7.220841
2875.0	7.226741
2880.0	7.167696
2885.0	7.236569
2890.0	7.366451
2895.0	7.398692
2900.0	7.330579
2905.0	7.186863
2910.0	7.270552
2915.0	7.346966
2920.0	7.412508
2925.0	7.393971
2930.0	7.342690
2935.0	7.227251
2940.0	7.237062
2945.0	7.355906
2950.0	7.310308
2955.0	7.440499
2960.0	7.511858
2965.0	7.360662
2970.0	7.375257
2975.0	7.403920
2980.0	7.498200
2985.0	7.362726
2990.0	7.356517
2995.0	7.233176
3000.0	7.216478
3005.0	7.201781
3010.0	7.376844
3015.0	7.414644
3020.0	7.274108
3025.0	7.047410
3030.0	7.111680
3035.0	7.205910
3040.0	7.335783
3045.0	7.237627
3050.0	7.180950
3055.0	7.271171
3060.0	7.012531
3065.0	6.912734
3070.0	7.079757
3075.0	7.049777
3080.0	7.367270
3085.0	7.669431
3090.0	7.642879
3095.0	7.518178
3100.0	7.707456
3105.0	7.807666
3110.0	7.708428
3115.0	7.709791
3120.0	7.734833
3125.0	7.950598
3130.0	7.960353
3135.0	7.871122
3140.0	7.914507
3145.0	8.231490
3150.0	8.361894
3155.0	8.316783
3160.0	8.103815
3165.0	8.254359
3170.0	8.392982
3175.0	8.489452
3180.0	8.378233
3185.0	8.139612
3190.0	8.220535
3195.0	7.948538
3200.0	7.355319
3205.0	7.697585
3210.0	7.992072
3215.0	7.793368
3220.0	7.500418
3225.0	7.558261
3230.0	7.751969
3235.0	7.780250
3240.0	7.656339
3245.0	7.484559
3250.0	7.419063
3255.0	7.546488
3260.0	7.633584
3265.0	7.468321
3270.0	7.243440
3275.0	7.172769
3280.0	7.149729
3285.0	7.038074
3290.0	6.903294
3295.0	6.826443
3300.0	6.749083
3305.0	6.615716
3310.0	6.522100
3315.0	6.559974
3320.0	6.653771
3325.0	6.698923
3330.0	6.642181
3335.0	6.482273
3340.0	6.374506
3345.0	6.440778
3350.0	6.512753
3355.0	6.422764
3360.0	6.296062
3365.0	6.273357
3370.0	6.264282
3375.0	6.166691
3380.0	6.062383
3385.0	6.042455
3390.0	6.051256
3395.0	6.017390
3400.0	5.953247
3405.0	5.891100
3410.0	5.858983
3415.0	5.872938
3420.0	5.905296
3425.0	5.922138
3430.0	5.908273
3435.0	5.863833
3440.0	5.831523
3445.0	5.845898
3450.0	5.866347
3455.0	5.846630
3460.0	5.793149
3465.0	5.720603
3470.0	5.624221
3475.0	5.507444
3480.0	5.426026
3485.0	5.429195
3490.0	5.487771
3495.0	5.550201
3500.0	5.553849
3505.0	5.465034
3510.0	5.506341
3515.0	5.528964
3520.0	5.525383
3525.0	5.492723
3530.0	5.432461
3535.0	5.408492
3540.0	5.383089
3545.0	5.350412
3550.0	5.315348
3555.0	5.268064
3560.0	5.215472
3565.0	5.181294
3570.0	5.151640
3575.0	5.064332
3580.0	5.000496
3585.0	4.956786
3590.0	4.938492
3595.0	4.931778
3600.0	4.914600
3605.0	4.898636
3610.0	4.937316
3615.0	4.910562
3620.0	4.873390
3625.0	4.879949
3630.0	4.896858
3635.0	4.908331
3640.0	4.906817
3645.0	4.897730
3650.0	4.896791
3655.0	4.954408
3660.0	4.963260
3665.0	4.921260
3670.0	4.859016
3675.0	4.789067
3680.0	4.730928
3685.0	4.730941
3690.0	4.705989
3695.0	4.676873
3700.0	4.639644
3705.0	4.590496
3710.0	4.602149
3715.0	4.638532
3720.0	4.603949
3725.0	4.533883
3730.0	4.507094
3735.0	4.544147
3740.0	4.599780
3745.0	4.536463
3750.0	4.390773
3755.0	4.322390
3760.0	4.326548
3765.0	4.309671
3770.0	4.257657
3775.0	4.445686
3780.0	4.638746
3785.0	4.617775
3790.0	4.486809
3795.0	4.310945
3800.0	4.340013
3805.0	4.535757
3810.0	4.635430
3815.0	4.648519
3820.0	4.598944
3825.0	4.505975
3830.0	4.280913
3835.0	4.118976
3840.0	4.288995
3845.0	4.447870
3850.0	4.471776
3855.0	4.429366
3860.0	4.410645
3865.0	4.371662
3870.0	4.344462
3875.0	4.299703
3880.0	4.121013
3885.0	3.834561
3890.0	3.808447
3895.0	4.071723
3900.0	4.249123
3905.0	4.270894
3910.0	4.220328
3915.0	4.143891
3920.0	4.077285
3925.0	4.038380
3930.0	3.976930
3935.0	3.979873
3940.0	4.065801
3945.0	4.082828
3950.0	4.060128
3955.0	3.982962
3960.0	3.787206
3965.0	3.475824
3970.0	3.350482
3975.0	3.614794
3980.0	3.806394
3985.0	3.834706
3990.0	3.793397
3995.0	3.764283
4000.0	3.740660
4005.0	3.715607
4010.0	3.685520
4015.0	3.641503
4020.0	3.555322
4025.0	3.470134
4030.0	3.488447
4035.0	3.526244
4040.0	3.567580
4045.0	3.588054
4050.0	3.595747
4055.0	3.563520
4060.0	3.546625
4065.0	3.523078
4070.0	3.473087
4075.0	3.459444
4080.0	3.439579
4085.0	3.382276
4090.0	3.294374
4095.0	3.091724
4100.0	2.896920
4105.0	3.031221
4110.0	3.244087
4115.0	3.309517
4120.0	3.318604
4125.0	3.311059
4130.0	3.304340
4135.0	3.282842
4140.0	3.258918
4145.0	3.244801
4150.0	3.231102
4155.0	3.229472
4160.0	3.213803
4165.0	3.192666
4170.0	3.175755
4175.0	3.165456
4180.0	3.154830
4185.0	3.125080
4190.0	3.061807
4195.0	2.976036
4200.0	2.925914
4205.0	2.978519
4210.0	3.013246
4215.0	3.008003
4220.0	3.002639
4225.0	2.995408
4230.0	2.984229
4235.0	2.954819
4240.0	2.932537
4245.0	2.930752
4250.0	2.928275
4255.0	2.903358
4260.0	2.871778
4265.0	2.847426
4270.0	2.840531
4275.0	2.832905
4280.0	2.820014
4285.0	2.807442
4290.0	2.791812
4295.0	2.789046
4300.0	2.784508
4305.0	2.775176
4310.0	2.778084
4315.0	2.768073
4320.0	2.745305
4325.0	2.714263
4330.0	2.609965
4335.0	2.417091
4340.0	2.304199
4345.0	2.442607
4350.0	2.589814
4355.0	2.653373
4360.0	2.662863
4365.0	2.652761
4370.0	2.638364
4375.0	2.623167
4380.0	2.597995
4385.0	2.577212
4390.0	2.584989
4395.0	2.582220
4400.0	2.561121
4405.0	2.538024
4410.0	2.510464
4415.0	2.463937
4420.0	2.417243
4425.0	2.375760
4430.0	2.340586
4435.0	2.350785
4440.0	2.384998
4445.0	2.410148
4450.0	2.432351
4455.0	2.438818
4460.0	2.413490
4465.0	2.376311
4470.0	2.324116
4475.0	2.333668
4480.0	2.348763
4485.0	2.346370
4490.0	2.340014
4495.0	2.334521
4500.0	2.328965
4505.0	2.309363
4510.0	2.297810
4515.0	2.285011
4520.0	2.280267
4525.0	2.261416
4530.0	2.233078
4535.0	2.172098
4540.0	2.108621
4545.0	2.151205
4550.0	2.194848
4555.0	2.207146
4560.0	2.209116
4565.0	2.196997
4570.0	2.181215
4575.0	2.169757
4580.0	2.171879
4585.0	2.158612
4590.0	2.134382
4595.0	2.123401
4600.0	2.116204
4605.0	2.108387
4610.0	2.113212
4615.0	2.113685
4620.0	2.102574
4625.0	2.084434
4630.0	2.083315
4635.0	2.082672
4640.0	2.088073
4645.0	2.073948
4650.0	2.051712
4655.0	2.037895
4660.0	2.044002
4665.0	2.040011
4670.0	2.018997
4675.0	1.993647
4680.0	1.916061
4685.0	1.859749
4690.0	1.915028
4695.0	1.963758
4700.0	1.958291
4705.0	1.949402
4710.0	1.917382
4715.0	1.899787
4720.0	1.889676
4725.0	1.871239
4730.0	1.874872
4735.0	1.869085
4740.0	1.864865
4745.0	1.862967
4750.0	1.848031
4755.0	1.824786
4760.0	1.803741
4765.0	1.800319
4770.0	1.808924
4775.0	1.798452
4780.0	1.784757
4785.0	1.784232
4790.0	1.780136
4795.0	1.766839
4800.0	1.754507
4805.0	1.750172
4810.0	1.745331
4815.0	1.737823
4820.0	1.733929
4825.0	1.728627
4830.0	1.727700
4835.0	1.723498
4840.0	1.719507
4845.0	1.694735
4850.0	1.634978
4855.0	1.501500
4860.0	1.382087
4865.0	1.457954
4870.0	1.571613
4875.0	1.605421
4880.0	1.610805
4885.0	1.616123
4890.0	1.619858
4895.0	1.618274
4900.0	1.615890
4905.0	1.621166
4910.0	1.619439
4915.0	1.611475
4920.0	1.587395
4925.0	1.594559
4930.0	1.608176
4935.0	1.600916
4940.0	1.587463
4945.0	1.582775
4950.0	1.580435
4955.0	1.575225
4960.0	1.573141
4965.0	1.561011
4970.0	1.544183
4975.0	1.535783
4980.0	1.522823
4985.0	1.530253
4990.0	1.529029
4995.0	1.524927
5000.0	1.521316
5005.0	1.507041
5010.0	1.488407
5015.0	1.470268
5020.0	1.470656
5025.0	1.468634
5030.0	1.460164
5035.0	1.458620
5040.0	1.455726
5045.0	1.449439
5050.0	1.443154
5055.0	1.440408
5060.0	1.435246
5065.0	1.432580
5070.0	1.432368
5075.0	1.431692
5080.0	1.428548
5085.0	1.422792
5090.0	1.417030
5095.0	1.406642
5100.0	1.405829
5105.0	1.394181
5110.0	1.383517
5115.0	1.379383
5120.0	1.373877
5125.0	1.371288
5130.0	1.370308
5135.0	1.365723
5140.0	1.361532
5145.0	1.356145
5150.0	1.349294
5155.0	1.344162
5160.0	1.340673
5165.0	1.333722
5170.0	1.328486
5175.0	1.328736
5180.0	1.323181
5185.0	1.315930
5190.0	1.307836
5195.0	1.308233
5200.0	1.298663
5205.0	1.287448
5210.0	1.290102
5215.0	1.288460
5220.0	1.280389
5225.0	1.273036
5230.0	1.265580
5235.0	1.260703
5240.0	1.255359
5245.0	1.255282
5250.0	1.245590
5255.0	1.249312
5260.0	1.248238
5265.0	1.235956
5270.0	1.227798
5275.0	1.227248
5280.0	1.221089
5285.0	1.219573
5290.0	1.212409
5295.0	1.203874
5300.0	1.197500
5305.0	1.197945
5310.0	1.194252
5315.0	1.194883
5320.0	1.192047
5325.0	1.184911
5330.0	1.175465
5335.0	1.171941
5340.0	1.165313
5345.0	1.164120
5350.0	1.164800
5355.0	1.163259
5360.0	1.151912
5365.0	1.146598
5370.0	1.143518
5375.0	1.140256
5380.0	1.138326
5385.0	1.132392
5390.0	1.134609
5395.0	1.128119
5400.0	1.108495
5405.0	1.066491
5410.0	1.021042
5415.0	1.044040
5420.0	1.086016
5425.0	1.095270
5430.0	1.095123
5435.0	1.089796
5440.0	1.086566
5445.0	1.077528
5450.0	1.072877
5455.0	1.067716
5460.0	1.068057
5465.0	1.063363
5470.0	1.066066
5475.0	1.063575
5480.0	1.052402
5485.0	1.040744
5490.0	1.037943
5495.0	1.048260
5500.0	1.047725
5505.0	1.036965
5510.0	1.031918
5515.0	1.032413
5520.0	1.027665
5525.0	1.019546
5530.0	1.015922
5535.0	1.008126
5540.0	1.006934
5545.0	1.006305
5550.0	1.005341
5555.0	1.002277
5560.0	1.001319
5565.0	0.998932
5570.0	0.993667
5575.0	0.993699
5580.0	0.988919
5585.0	0.977233
5590.0	0.966262
5595.0	0.964858
5600.0	0.970053
5605.0	0.967947
5610.0	0.963008
5615.0	0.957674
5620.0	0.956647
5625.0	0.953920
5630.0	0.950771
5635.0	0.948347
5640.0	0.945012
5645.0	0.941731
5650.0	0.939804
5655.0	0.935990
5660.0	0.931658
5665.0	0.927520
5670.0	0.921833
5675.0	0.916046
5680.0	0.915521
5685.0	0.917493
5690.0	0.917845
5695.0	0.921021
5700.0	0.910517
5705.0	0.892511
5710.0	0.897787
5715.0	0.898082
5720.0	0.889743
5725.0	0.884772
5730.0	0.882481
5735.0	0.877837
5740.0	0.873134
5745.0	0.870006
5750.0	0.868411
5755.0	0.865849
5760.0	0.865101
5765.0	0.858722
5770.0	0.849837
5775.0	0.835218
5780.0	0.814963
5785.0	0.826499
5790.0	0.835066
5795.0	0.816090
5800.0	0.803287
5805.0	0.809841
5810.0	0.809366
5815.0	0.816633
5820.0	0.829489
5825.0	0.832000
5830.0	0.829654
5835.0	0.825649
5840.0	0.823412
5845.0	0.817082
5850.0	0.812878
5855.0	0.809519
5860.0	0.810100
5865.0	0.808375
5870.0	0.783770
5875.0	0.756876
5880.0	0.776266
5885.0	0.753364
5890.0	0.695083
5895.0	0.705948
5900.0	0.755212
5905.0	0.785667
5910.0	0.783037
5915.0	0.781893
5920.0	0.773510
5925.0	0.770671
5930.0	0.771364
5935.0	0.768383
5940.0	0.763973
5945.0	0.757592
5950.0	0.753331
5955.0	0.754244
5960.0	0.750452
5965.0	0.750108
5970.0	0.743496
5975.0	0.744142
5980.0	0.742761
5985.0	0.738033
5990.0	0.739908
5995.0	0.741654
6000.0	0.735786
6005.0	0.730656
6010.0	0.726057
6015.0	0.725243
6020.0	0.725720
6025.0	0.726374
6030.0	0.726515
6035.0	0.715903
6040.0	0.711509
6045.0	0.715883
6050.0	0.711402
6055.0	0.711858
6060.0	0.708347
6065.0	0.703055
6070.0	0.700589
6075.0	0.698870
6080.0	0.698184
6085.0	0.697365
6090.0	0.697777
6095.0	0.695689
6100.0	0.692154
6105.0	0.688173
6110.0	0.686146
6115.0	0.686333
6120.0	0.677671
6125.0	0.681732
6130.0	0.680589
6135.0	0.677642
6140.0	0.677710
6145.0	0.673670
6150.0	0.673081
6155.0	0.669480
6160.0	0.665481
6165.0	0.655783
6170.0	0.649435
6175.0	0.650337
6180.0	0.651746
6185.0	0.653777
6190.0	0.653094
6195.0	0.652608
6200.0	0.647681
6205.0	0.643435
6210.0	0.647592
6215.0	0.646917
6220.0	0.646520
6225.0	0.641329
6230.0	0.635599
6235.0	0.634695
6240.0	0.635969
6245.0	0.639498
6250.0	0.640067
6255.0	0.636969
6260.0	0.636878
6265.0	0.627287
6270.0	0.621502
6275.0	0.606036
6280.0	0.580205
6285.0	0.587204
6290.0	0.606890
6295.0	0.611236
6300.0	0.609379
6305.0	0.601864
6310.0	0.593986
6315.0	0.594474
6320.0	0.601604
6325.0	0.607403
6330.0	0.605091
6335.0	0.605344
6340.0	0.603081
6345.0	0.600088
6350.0	0.597714
6355.0	0.594037
6360.0	0.592365
6365.0	0.589960
6370.0	0.588574
6375.0	0.584644
6380.0	0.581084
6385.0	0.582496
6390.0	0.582448
6395.0	0.579250
6400.0	0.571250
6405.0	0.568194
6410.0	0.567774
6415.0	0.570366
6420.0	0.573342
6425.0	0.574612
6430.0	0.573255
6435.0	0.570730
6440.0	0.567817
6445.0	0.564982
6450.0	0.562314
6455.0	0.559573
6460.0	0.558710
6465.0	0.558142
6470.0	0.556381
6475.0	0.555453
6480.0	0.556333
6485.0	0.552112
6490.0	0.549874
6495.0	0.550986
6500.0	0.552667
6505.0	0.552303
6510.0	0.550978
6515.0	0.544322
6520.0	0.537988
6525.0	0.529896
6530.0	0.528945
6535.0	0.535450
6540.0	0.538616
6545.0	0.534851
6550.0	0.522171
6555.0	0.489121
6560.0	0.446247
6565.0	0.449426
6570.0	0.498242
6575.0	0.524353
6580.0	0.531931
6585.0	0.529738
6590.0	0.529597
6595.0	0.528352
6600.0	0.527850
6605.0	0.527306
6610.0	0.522098
6615.0	0.519816
6620.0	0.517831
6625.0	0.520186
6630.0	0.515914
6635.0	0.515612
6640.0	0.514102
6645.0	0.511314
6650.0	0.508787
6655.0	0.504585
6660.0	0.501759
6665.0	0.498610
6670.0	0.495889
6675.0	0.486066
6680.0	0.476114
6685.0	0.478700
6690.0	0.487284
6695.0	0.492773
6700.0	0.491704
6705.0	0.490808
6710.0	0.491346
6715.0	0.489686
6720.0	0.488660
6725.0	0.489522
6730.0	0.487166
6735.0	0.485128
6740.0	0.481536
6745.0	0.480794
6750.0	0.479177
6755.0	0.477054
6760.0	0.477540
6765.0	0.475540
6770.0	0.473415
6775.0	0.471062
6780.0	0.469223
6785.0	0.467267
6790.0	0.464838
6795.0	0.465979
6800.0	0.467827
6805.0	0.465559
6810.0	0.461679
6815.0	0.461650
6820.0	0.461801
6825.0	0.460385
6830.0	0.460259
6835.0	0.458034
6840.0	0.452001
6845.0	0.450917
6850.0	0.449833
6855.0	0.448749
6860.0	0.447665
6865.0	0.446581
6870.0	0.445497
6875.0	0.444413
6880.0	0.443329
6885.0	0.442245
6890.0	0.441161
6895.0	0.440077
6900.0	0.438993
6905.0	0.437909
6910.0	0.436825
6915.0	0.435741
6920.0	0.434657
6925.0	0.433573
6930.0	0.432489
6935.0	0.431405
6940.0	0.430321
6945.0	0.429237
6950.0	0.428153
6955.0	0.427069
6960.0	0.425986
6965.0	0.424902
6970.0	0.423818
6975.0	0.430262
6980.0	0.427752
6985.0	0.424017
6990.0	0.417992
6995.0	0.417981
7000.0	0.417153
7005.0	0.416619
7010.0	0.416979
7015.0	0.413611
7020.0	0.414764
7025.0	0.413817
7030.0	0.413743
7035.0	0.413965
7040.0	0.411701
7045.0	0.407351
7050.0	0.405887
7055.0	0.407669
7060.0	0.400735
7065.0	0.394219
7070.0	0.398218
7075.0	0.403403
7080.0	0.402212
7085.0	0.402509
7090.0	0.403025
7095.0	0.402777
7100.0	0.398624
7105.0	0.398757
7110.0	0.397959
7115.0	0.396981
7120.0	0.399811
7125.0	0.399281
7130.0	0.399893
7135.0	0.400882
7140.0	0.399617
7145.0	0.397686
7150.0	0.396064
7155.0	0.394626
7160.0	0.390738
7165.0	0.386157
7170.0	0.372420
7175.0	0.363136
7180.0	0.361233
7185.0	0.359411
7190.0	0.365866
7195.0	0.370019
7200.0	0.369296
7205.0	0.372001
7210.0	0.381519
7215.0	0.383277
7220.0	0.382119
7225.0	0.380817
7230.0	0.376708
7235.0	0.369263
7240.0	0.365790
7245.0	0.364249
7250.0	0.365700
7255.0	0.363726
7260.0	0.364879
7265.0	0.360753
7270.0	0.359734
7275.0	0.354739
7280.0	0.358906
7285.0	0.359909
7290.0	0.353713
7295.0	0.357960
7300.0	0.357475
7305.0	0.352430
7310.0	0.353631
7315.0	0.351289
7320.0	0.350849
7325.0	0.351648
7330.0	0.349579
7335.0	0.350570
7340.0	0.349845
7345.0	0.348531
7350.0	0.346355
7355.0	0.347050
7360.0	0.344469
7365.0	0.341514
7370.0	0.342076
7375.0	0.342577
7380.0	0.341096
7385.0	0.336444
7390.0	0.336349
7395.0	0.337995
7400.0	0.334411
7405.0	0.331268
7410.0	0.328531
7415.0	0.330955
7420.0	0.332923
7425.0	0.323753
7430.0	0.323534
7435.0	0.322430
7440.0	0.323027
7445.0	0.322448
7450.0	0.321699
7455.0	0.322997
7460.0	0.319360
7465.0	0.320017
7470.0	0.316073
7475.0	0.317172
7480.0	0.316454
7485.0	0.314990
7490.0	0.313728
7495.0	0.313354
7500.0	0.313290
7505.0	0.311540
7510.0	0.311390
7515.0	0.311546
7520.0	0.309484
7525.0	0.309898
7530.0	0.307433
7535.0	0.306397
7540.0	0.305547
7545.0	0.305379
7550.0	0.305224
7555.0	0.304342
7560.0	0.303459
7565.0	0.302577
7570.0	0.301695
7575.0	0.300813
7580.0	0.299931
7585.0	0.299048
7590.0	0.298166
7595.0	0.297284
7600.0	0.296402
7605.0	0.295520
7610.0	0.294638
7615.0	0.293755
7620.0	0.292873
7625.0	0.291991
7630.0	0.291109
7635.0	0.290227
7640.0	0.289344
7645.0	0.288462
7650.0	0.287580
7655.0	0.286698
7660.0	0.285816
7665.0	0.284934
7670.0	0.284051
7675.0	0.283169
7680.0	0.282287
7685.0	0.281405
7690.0	0.280523
7695.0	0.279641
7700.0	0.278758
7705.0	0.277876
7710.0	0.276994
7715.0	0.276112
7720.0	0.275230
7725.0	0.274347
7730.0	0.273465
7735.0	0.272181
7740.0	0.272959
7745.0	0.271578
7750.0	0.271809
7755.0	0.270888
7760.0	0.270185
7765.0	0.268911
7770.0	0.269078
7775.0	0.268858
7780.0	0.266375
7785.0	0.267075
7790.0	0.266096
7795.0	0.265302
7800.0	0.265220
7805.0	0.264219
7810.0	0.264443
7815.0	0.263114
7820.0	0.263755
7825.0	0.262594
7830.0	0.260397
7835.0	0.260995
7840.0	0.259578
7845.0	0.259895
7850.0	0.259273
7855.0	0.259581
7860.0	0.255743
7865.0	0.255601
7870.0	0.256031
7875.0	0.255135
7880.0	0.255578
7885.0	0.253327
7890.0	0.253870
7895.0	0.251718
7900.0	0.251173
7905.0	0.251794
7910.0	0.250875
7915.0	0.251042
7920.0	0.249965
7925.0	0.247702
7930.0	0.246801
7935.0	0.247876
7940.0	0.248405
7945.0	0.246258
7950.0	0.245561
7955.0	0.244195
7960.0	0.243798
7965.0	0.243944
7970.0	0.242287
7975.0	0.242953
7980.0	0.241731
7985.0	0.241785
7990.0	0.241750
7995.0	0.240342
8000.0	0.241027
8005.0	0.241871
8010.0	0.241900
8015.0	0.240962
8020.0	0.240642
8025.0	0.240320
8030.0	0.240593
8035.0	0.240312
8040.0	0.239552
8045.0	0.239511
8050.0	0.239947
8055.0	0.240919
8060.0	0.239463
8065.0	0.237723
8070.0	0.237402
8075.0	0.236708
8080.0	0.234768
8085.0	0.233695
8090.0	0.232279
8095.0	0.231395
8100.0	0.230269
8105.0	0.230517
8110.0	0.229565
8115.0	0.231601
8120.0	0.231277
8125.0	0.230447
8130.0	0.229942
8135.0	0.228734
8140.0	0.228566
8145.0	0.226896
8150.0	0.224411
8155.0	0.222395
8160.0	0.220686
8165.0	0.219779
8170.0	0.220098
8175.0	0.221577
8180.0	0.219163
8185.0	0.222950
8190.0	0.222762
8195.0	0.218269
8200.0	0.221286
8205.0	0.220235
8210.0	0.219565
8215.0	0.217241
8220.0	0.213787
8225.0	0.209685
8230.0	0.205844
8235.0	0.207665
8240.0	0.206825
8245.0	0.210995
8250.0	0.215449
8255.0	0.215159
8260.0	0.215591
8265.0	0.215324
8270.0	0.215239
8275.0	0.212327
8280.0	0.210988
8285.0	0.210217
8290.0	0.210845
8295.0	0.211434
8300.0	0.213217
8305.0	0.210894
8310.0	0.210584
8315.0	0.209950
8320.0	0.207969
8325.0	0.207987
8330.0	0.208178
8335.0	0.207687
8340.0	0.207829
8345.0	0.205305
8350.0	0.203659
8355.0	0.202000
8360.0	0.199765
8365.0	0.200374
8370.0	0.201048
8375.0	0.201847
8380.0	0.201460
8385.0	0.202817
8390.0	0.202737
8395.0	0.202338
8400.0	0.203185
8405.0	0.202719
8410.0	0.201952
8415.0	0.201639
8420.0	0.200843
8425.0	0.200921
8430.0	0.199773
8435.0	0.199466
8440.0	0.197601
8445.0	0.198129
8450.0	0.197388
8455.0	0.197881
8460.0	0.197064
8465.0	0.196437
8470.0	0.195395
8475.0	0.196480
8480.0	0.192602
8485.0	0.192566
8490.0	0.193141
8495.0	0.193749
8500.0	0.192096
8505.0	0.193033
8510.0	0.193527
8515.0	0.192745
8520.0	0.192177
8525.0	0.190905
8530.0	0.189662
8535.0	0.188396
8540.0	0.189944
8545.0	0.186328
8550.0	0.186661
8555.0	0.186961
8560.0	0.188735
8565.0	0.188059
8570.0	0.186405
8575.0	0.185071
8580.0	0.183937
8585.0	0.182835
8590.0	0.181178
8595.0	0.179652
8600.0	0.180297
8605.0	0.179407
8610.0	0.180900
8615.0	0.181318
8620.0	0.180580
8625.0	0.180669
8630.0	0.181887
8635.0	0.181324
8640.0	0.179290
8645.0	0.179985
8650.0	0.180397
8655.0	0.180075
8660.0	0.178981
8665.0	0.178442
8670.0	0.179302
8675.0	0.179921
8680.0	0.180724
8685.0	0.180926
8690.0	0.180888
8695.0	0.181117
8700.0	0.181236
8705.0	0.179983
8710.0	0.179369
8715.0	0.179049
8720.0	0.178692
8725.0	0.178569
8730.0	0.177131
8735.0	0.176025
8740.0	0.177849
8745.0	0.172060
8750.0	0.172573
8755.0	0.173268
8760.0	0.174235
8765.0	0.176183
8770.0	0.173303
8775.0	0.175029
8780.0	0.174098
8785.0	0.175342
8790.0	0.175539
8795.0	0.175036
8800.0	0.175539
8805.0	0.174575
8810.0	0.175044
8815.0	0.171914
8820.0	0.173638
8825.0	0.174389
8830.0	0.173454
8835.0	0.172716
8840.0	0.170355
8845.0	0.169421
8850.0	0.167373
8855.0	0.164249
8860.0	0.161692
8865.0	0.160584
8870.0	0.161624
8875.0	0.163316
8880.0	0.164262
8885.0	0.164287
8890.0	0.165059
8895.0	0.166174
8900.0	0.164810
8905.0	0.165830
8910.0	0.164695
8915.0	0.164141
8920.0	0.164516
8925.0	0.163699
8930.0	0.170744
8935.0	0.170748
8940.0	0.172784
8945.0	0.169521
8950.0	0.166886
8955.0	0.164368
8960.0	0.162916
8965.0	0.161392
8970.0	0.158567
8975.0	0.158966
8980.0	0.157639
8985.0	0.157217
8990.0	0.151537
8995.0	0.153548
9000.0	0.153846
9005.0	0.151076
9010.0	0.152675
9015.0	0.153207
9020.0	0.153095
9025.0	0.160205
9030.0	0.163353
9035.0	0.166849
9040.0	0.163837
9045.0	0.166058
9050.0	0.164380
9055.0	0.159692
9060.0	0.158024
9065.0	0.156377
9070.0	0.153138
9075.0	0.154081
9080.0	0.154049
9085.0	0.154110
9090.0	0.155491
9095.0	0.157237
9100.0	0.156499
9105.0	0.153257
9110.0	0.156032
9115.0	0.157460
9120.0	0.156597
9125.0	0.154987
9130.0	0.153201
9135.0	0.151501
9140.0	0.152843
9145.0	0.152430
9150.0	0.150413
9155.0	0.142405
9160.0	0.149919
9165.0	0.151111
9170.0	0.150183
9175.0	0.150280
9180.0	0.154520
9185.0	0.156525
9190.0	0.155050
9195.0	0.151963
9200.0	0.151803
9205.0	0.157339
9210.0	0.153034
9215.0	0.150143
9220.0	0.149059
9225.0	0.146587
9230.0	0.148371
9235.0	0.145322
9240.0	0.145492
9245.0	0.143807
9250.0	0.145978
9255.0	0.150806
9260.0	0.146229
9265.0	0.152681
9270.0	0.154578
9275.0	0.158911
9280.0	0.155954
9285.0	0.152147
9290.0	0.162481
9295.0	0.161985
9300.0	0.158865
9305.0	0.155643
9310.0	0.146786
9315.0	0.144053
9320.0	0.135605
9325.0	0.139732
9330.0	0.138776
9335.0	0.138055
9340.0	0.139325
9345.0	0.129382
9350.0	0.133546
9355.0	0.125537
9360.0	0.133166
9365.0	0.134508
9370.0	0.130966
9375.0	0.137493
9380.0	0.138133
9385.0	0.149437
9390.0	0.156787
9395.0	0.158040
9400.0	0.157648
9405.0	0.155486
9410.0	0.153452
9415.0	0.141510
9420.0	0.142109
9425.0	0.136779
9430.0	0.130490
9435.0	0.133261
9440.0	0.122364
9445.0	0.129898
9450.0	0.135814
9455.0	0.136588
9460.0	0.133131
9465.0	0.134634
9470.0	0.133638
9475.0	0.135530
9480.0	0.132814
9485.0	0.128335
9490.0	0.133954
9495.0	0.134717
9500.0	0.130549
9505.0	0.137317
9510.0	0.135824
9515.0	0.142490
9520.0	0.132487
9525.0	0.134534
9530.0	0.135944
9535.0	0.133391
9540.0	0.132554
9545.0	0.129896
9550.0	0.127868
9555.0	0.125606
9560.0	0.126842
9565.0	0.127225
9570.0	0.127142
9575.0	0.129306
9580.0	0.130570
9585.0	0.130259
9590.0	0.127378
9595.0	0.126884
9600.0	0.130390
9605.0	0.127749
9610.0	0.130430
9615.0	0.127319
9620.0	0.125917
9625.0	0.124712
9630.0	0.128442
9635.0	0.119889
9640.0	0.120039
9645.0	0.116627
9650.0	0.123353
9655.0	0.125512
9660.0	0.121497
9665.0	0.123762
9670.0	0.125609
9675.0	0.125228
9680.0	0.123830
9685.0	0.126057
9690.0	0.127975
9695.0	0.126356
9700.0	0.127930
9705.0	0.119464
9710.0	0.118589
9715.0	0.120682
9720.0	0.122784
9725.0	0.118097
9730.0	0.116706
9735.0	0.120789
9740.0	0.120816
9745.0	0.123249
9750.0	0.115191
9755.0	0.123822
9760.0	0.123445
9765.0	0.113378
9770.0	0.117836
9775.0	0.115103
9780.0	0.114605
9785.0	0.122121
9790.0	0.120029
9795.0	0.117535
9800.0	0.111204
9805.0	0.124660
9810.0	0.117866
9815.0	0.114331
9820.0	0.115233
9825.0	0.117246
9830.0	0.121383
9835.0	0.112666
9840.0	0.120166
9845.0	0.116572
9850.0	0.115039
9855.0	0.121421
9860.0	0.106002
9865.0	0.113945
9870.0	0.110036
9875.0	0.115981
9880.0	0.113961
9885.0	0.105816
9890.0	0.113409
9895.0	0.116386
9900.0	0.115584
9905.0	0.109543
9910.0	0.112280
9915.0	0.116639
9920.0	0.111713
9925.0	0.117233
9930.0	0.106728
9935.0	0.106886
9940.0	0.115119
9945.0	0.111738
9950.0	0.110431
9955.0	0.111192
9960.0	0.116340
9965.0	0.113457
9970.0	0.107011
9975.0	0.107764
9980.0	0.109147
9985.0	0.116317
9990.0	0.105530
9995.0	0.109625
10000.0	0.100833
10005.0	0.110216
10010.0	0.114714
10015.0	0.108846
10020.0	0.096866
10025.0	0.108580
10030.0	0.112759
10035.0	0.108607
10040.0	0.094086
10045.0	0.094736
10050.0	0.103921
10055.0	0.100110
10060.0	0.095151
10065.0	0.098813
10070.0	0.104314
10075.0	0.109975
10080.0	0.110275
10085.0	0.110192
10090.0	0.101196
10095.0	0.105043
10100.0	0.104358
10105.0	0.097210
10110.0	0.090956
10115.0	0.102539
10120.0	0.099726
10125.0	0.098282
10130.0	0.091382
10135.0	0.101177
10140.0	0.100169
10145.0	0.100773
10150.0	0.101922
10155.0	0.102974
10160.0	0.103291
10165.0	0.102456
10170.0	0.100947
10175.0	0.099469
10180.0	0.098723
10185.0	0.099195
10190.0	0.100505
10195.0	0.102054
10200.0	0.103243
10205.0	0.103641
10210.0	0.103488
10215.0	0.103189
10220.0	0.103152
10225.0	0.103662
10230.0	0.104533
10235.0	0.105459
10240.0	0.106134
10245.0	0.106311
10250.0	0.105992
10255.0	0.105239
10260.0	0.104113
10265.0	0.102706
10270.0	0.101235
10275.0	0.099948
10280.0	0.099093
10285.0	0.098822
10290.0	0.098910
10295.0	0.099036
10300.0	0.098879
10305.0	0.097938
10310.0	0.097390
10315.0	0.096857
10320.0	0.096497
10325.0	0.096429
10330.0	0.096607
10335.0	0.096947
10340.0	0.097362
10345.0	0.097753
10350.0	0.097968
10355.0	0.097839
10360.0	0.097201
10365.0	0.095980
10370.0	0.094473
10375.0	0.093072
10380.0	0.092167
10385.0	0.092042
10390.0	0.092543
10395.0	0.093411
10400.0	0.094385
10405.0	0.095229
10410.0	0.095811
10415.0	0.096022
10420.0	0.095755
10425.0	0.094982
10430.0	0.094003
10435.0	0.093199
10440.0	0.092951
10445.0	0.093488
10450.0	0.094438
10455.0	0.095276
10460.0	0.095480
10465.0	0.094698
10470.0	0.093268
10475.0	0.091696
10480.0	0.090494
10485.0	0.090040
10490.0	0.090202
10495.0	0.090717
10500.0	0.091323
10505.0	0.091798
10510.0	0.092081
10515.0	0.092153
10520.0	0.091994
10525.0	0.091611
10530.0	0.091113
10535.0	0.090638
10540.0	0.090321
10545.0	0.090252
10550.0	0.090327
10555.0	0.090396
10560.0	0.090307
10565.0	0.089965
10570.0	0.089494
10575.0	0.089077
10580.0	0.088893
10585.0	0.089062
10590.0	0.089455
10595.0	0.089882
10600.0	0.090153
10605.0	0.090124
10610.0	0.089835
10615.0	0.089372
10620.0	0.088823
10625.0	0.087863
10630.0	0.087715
10635.0	0.087567
10640.0	0.087419
10645.0	0.087271
10650.0	0.087123
10655.0	0.086975
10660.0	0.086827
10665.0	0.086680
10670.0	0.086533
10675.0	0.086386
10680.0	0.086239
10685.0	0.086092
10690.0	0.085945
10695.0	0.085798
10700.0	0.085652
10705.0	0.085506
10710.0	0.085360
10715.0	0.085214
10720.0	0.085068
10725.0	0.084922
10730.0	0.084776
10735.0	0.084631
10740.0	0.084486
10745.0	0.084341
10750.0	0.084196
10755.0	0.084051
10760.0	0.083906
10765.0	0.083761
10770.0	0.083617
10775.0	0.083473
10780.0	0.083329
10785.0	0.083185
10790.0	0.083041
10795.0	0.082897
10800.0	0.082753
10805.0	0.082610
10810.0	0.082467
10815.0	0.082324
10820.0	0.082181
10825.0	0.082038
10830.0	0.081895
10835.0	0.081753
10840.0	0.081610
10845.0	0.081468
10850.0	0.081326
10855.0	0.081184
10860.0	0.081042
10865.0	0.080901
10870.0	0.080759
10875.0	0.080618
10880.0	0.080477
10885.0	0.080336
10890.0	0.080195
10895.0	0.080054
10900.0	0.079913
10905.0	0.079773
10910.0	0.079633
10915.0	0.079493
10920.0	0.079353
10925.0	0.079213
10930.0	0.079073
10935.0	0.078934
10940.0	0.078794
10945.0	0.078655
10950.0	0.078516
10955.0	0.078377
10960.0	0.078238
10965.0	0.078100
10970.0	0.077961
10975.0	0.077823
10980.0	0.077685
10985.0	0.077547
10990.0	0.077409
10995.0	0.077271
11000.0	0.077133
11005.0	0.076996
11010.0	0.076859
11015.0	0.076722
11020.0	0.076585
11025.0	0.076448
11030.0	0.076311
11035.0	0.076175
11040.0	0.076038
11045.0	0.075902
11050.0	0.075766
11055.0	0.075630
11060.0	0.075495
11065.0	0.075359
11070.0	0.075224
11075.0	0.075088
11080.0	0.074953
11085.0	0.074818
11090.0	0.074684
11095.0	0.074549
11100.0	0.074415
11105.0	0.074280
11110.0	0.074146
11115.0	0.074012
11120.0	0.073878
11125.0	0.073745
11130.0	0.073611
11135.0	0.073478
11140.0	0.073344
11145.0	0.073211
11150.0	0.073079
11155.0	0.072946
11160.0	0.072813
11165.0	0.072681
11170.0	0.072549
11175.0	0.072416
11180.0	0.072285
11185.0	0.072153
11190.0	0.072021
11195.0	0.071890
11200.0	0.071758
11205.0	0.071627
11210.0	0.071496
11215.0	0.071365
11220.0	0.071235
11225.0	0.071104
11230.0	0.070974
11235.0	0.070844
11240.0	0.070714
11245.0	0.070584
11250.0	0.070454
11255.0	0.070325
11260.0	0.070195
11265.0	0.070066
11270.0	0.069937
11275.0	0.069808
11280.0	0.069680
11285.0	0.069551
11290.0	0.069423
11295.0	0.069294
11300.0	0.069166
11305.0	0.069038
11310.0	0.068911
11315.0	0.068783
11320.0	0.068656
11325.0	0.068528
11330.0	0.068401
11335.0	0.068275
11340.0	0.068148
11345.0	0.068021
11350.0	0.067895
11355.0	0.067769
11360.0	0.067642
11365.0	0.067517
11370.0	0.067391
11375.0	0.067265
11380.0	0.067140
11385.0	0.067014
11390.0	0.066889
11395.0	0.066764
11400.0	0.066640
11405.0	0.066515
11410.0	0.066391
11415.0	0.066266
11420.0	0.066142
11425.0	0.066018
11430.0	0.065895
11435.0	0.065771
11440.0	0.065648
11445.0	0.065524
11450.0	0.065401
11455.0	0.065278
11460.0	0.065156
11465.0	0.065033
11470.0	0.064911
11475.0	0.064789
11480.0	0.064666
11485.0	0.064545
11490.0	0.064423
11495.0	0.064301
11500.0	0.064180
11505.0	0.064059
11510.0	0.063938
11515.0	0.063817
11520.0	0.063696
11525.0	0.063576
11530.0	0.063455
11535.0	0.063335
11540.0	0.063215
11545.0	0.063095
11550.0	0.062976
11555.0	0.062856
11560.0	0.062737
11565.0	0.062618
11570.0	0.062499
11575.0	0.062380
11580.0	0.062261
11585.0	0.062143
11590.0	0.062024
11595.0	0.061906
11600.0	0.061788
11605.0	0.061671
11610.0	0.061553
11615.0	0.061436
11620.0	0.061318
11625.0	0.061201
11630.0	0.061084
11635.0	0.060968
11640.0	0.060851
11645.0	0.060735
11650.0	0.060619
11655.0	0.060503
11660.0	0.060387
11665.0	0.060271
11670.0	0.060156
11675.0	0.060040
11680.0	0.059925
11685.0	0.059810
11690.0	0.059696
11695.0	0.059581
11700.0	0.059467
11705.0	0.059352
11710.0	0.059238
11715.0	0.059124
11720.0	0.059011
11725.0	0.058897
11730.0	0.058784
11735.0	0.058671
11740.0	0.058558
11745.0	0.058445
11750.0	0.058332
11755.0	0.058220
11760.0	0.058107
11765.0	0.057995
11770.0	0.057883
11775.0	0.057772
11780.0	0.057660
11785.0	0.057549
11790.0	0.057437
11795.0	0.057326
11800.0	0.057216
11805.0	0.057105
11810.0	0.056995
11815.0	0.056884
11820.0	0.056774
11825.0	0.056664
11830.0	0.056554
11835.0	0.056445
11840.0	0.056335
11845.0	0.056226
11850.0	0.056117
11855.0	0.056008
11860.0	0.055900
11865.0	0.055791
11870.0	0.055683
11875.0	0.055575
11880.0	0.055467
11885.0	0.055359
11890.0	0.055252
11895.0	0.055144
11900.0	0.055037
11905.0	0.054930
11910.0	0.054823
11915.0	0.054717
11920.0	0.054610
11925.0	0.054504
11930.0	0.054398
11935.0	0.054292
11940.0	0.054186
11945.0	0.054081
11950.0	0.053976
11955.0	0.053870
11960.0	0.053765
11965.0	0.053661
11970.0	0.053556
11975.0	0.053452
11980.0	0.053347
11985.0	0.053243
11990.0	0.053140
11995.0	0.053036
12000.0	0.052932
12005.0	0.052829
12010.0	0.052726
12015.0	0.052623
12020.0	0.052521
12025.0	0.052418
12030.0	0.052316
12035.0	0.052214
12040.0	0.052112
12045.0	0.052010
12050.0	0.051908
12055.0	0.051807
12060.0	0.051706
12065.0	0.051605
12070.0	0.051504
12075.0	0.051403
12080.0	0.051303
12085.0	0.051203
12090.0	0.051103
12095.0	0.051003
12100.0	0.050903
12105.0	0.050804
12110.0	0.050704
12115.0	0.050605
12120.0	0.050506
12125.0	0.050408
12130.0	0.050309
12135.0	0.050211
12140.0	0.050113
12145.0	0.050015
12150.0	0.049917
12155.0	0.049819
12160.0	0.049722
12165.0	0.049625
12170.0	0.049528
12175.0	0.049431
12180.0	0.049334
12185.0	0.049238
12190.0	0.049142
12195.0	0.049046
12200.0	0.048950
12205.0	0.048854
12210.0	0.048759
12215.0	0.048664
12220.0	0.048569
12225.0	0.048474
12230.0	0.048379
12235.0	0.048285
12240.0	0.048191
12245.0	0.048097
12250.0	0.048003
12255.0	0.047909
12260.0	0.047816
12265.0	0.047722
12270.0	0.047629
12275.0	0.047536
12280.0	0.047444
12285.0	0.047351
12290.0	0.047259
12295.0	0.047167
12300.0	0.047075
12305.0	0.046983
12310.0	0.046891
12315.0	0.046800
12320.0	0.046709
12325.0	0.046618
12330.0	0.046527
12335.0	0.046437
12340.0	0.046346
12345.0	0.046256
12350.0	0.046166
12355.0	0.046076
12360.0	0.045986
12365.0	0.045897
12370.0	0.045808
12375.0	0.045718
12380.0	0.045630
12385.0	0.045541
12390.0	0.045452
12395.0	0.045364
12400.0	0.045276
12405.0	0.045188
12410.0	0.045100
12415.0	0.045012
12420.0	0.044925
12425.0	0.044838
12430.0	0.044751
12435.0	0.044664
12440.0	0.044577
12445.0	0.044491
12450.0	0.044404
12455.0	0.044318
12460.0	0.044232
12465.0	0.044147
12470.0	0.044061
12475.0	0.043976
12480.0	0.043891
12485.0	0.043806
12490.0	0.043721
12495.0	0.043636
12500.0	0.043552
12505.0	0.043467
12510.0	0.043383
12515.0	0.043299
12520.0	0.043215
12525.0	0.043132
12530.0	0.043049
12535.0	0.042965
12540.0	0.042882
12545.0	0.042799
12550.0	0.042717
12555.0	0.042634
12560.0	0.042552
12565.0	0.042470
12570.0	0.042388
12575.0	0.042306
12580.0	0.042225
12585.0	0.042143
12590.0	0.042062
12595.0	0.041981
12600.0	0.041900
12605.0	0.041819
12610.0	0.041739
12615.0	0.041658
12620.0	0.041578
12625.0	0.041498
12630.0	0.041419
12635.0	0.041339
12640.0	0.041259
12645.0	0.041180
12650.0	0.041101
12655.0	0.041022
12660.0	0.040943
12665.0	0.040865
12670.0	0.040786
12675.0	0.040708
12680.0	0.040630
12685.0	0.040552
12690.0	0.040474
12695.0	0.040397
12700.0	0.040319
12705.0	0.040242
12710.0	0.040165
12715.0	0.040088
12720.0	0.040012
12725.0	0.039935
12730.0	0.039859
12735.0	0.039783
12740.0	0.039707
12745.0	0.039631
12750.0	0.039555
12755.0	0.039480
12760.0	0.039404
12765.0	0.039329
12770.0	0.039254
12775.0	0.039180
12780.0	0.039105
12785.0	0.039030
12790.0	0.038956
12795.0	0.038882
12800.0	0.038808
12805.0	0.038734
12810.0	0.038661
12815.0	0.038587
12820.0	0.038514
12825.0	0.038441
12830.0	0.038368
12835.0	0.038295
12840.0	0.038222
12845.0	0.038150
12850.0	0.038078
12855.0	0.038006
12860.0	0.037934
12865.0	0.037862
12870.0	0.037790
12875.0	0.037719
12880.0	0.037647
12885.0	0.037576
12890.0	0.037505
12895.0	0.037434
12900.0	0.037364
12905.0	0.037293
12910.0	0.037223
12915.0	0.037153
12920.0	0.037083
12925.0	0.037013
12930.0	0.036943
12935.0	0.036874
12940.0	0.036805
12945.0	0.036735
12950.0	0.036666
12955.0	0.036598
12960.0	0.036529
12965.0	0.036460
12970.0	0.036392
12975.0	0.036324
12980.0	0.036256
12985.0	0.036188
12990.0	0.036120
12995.0	0.036052
13000.0	0.035985
13005.0	0.035918
13010.0	0.035851
13015.0	0.035784
13020.0	0.035717
13025.0	0.035650
13030.0	0.035584
13035.0	0.035518
13040.0	0.035451
13045.0	0.035386
13050.0	0.035320
13055.0	0.035254
13060.0	0.035188
13065.0	0.035123
13070.0	0.035058
13075.0	0.034993
13080.0	0.034928
13085.0	0.034863
13090.0	0.034799
13095.0	0.034734
13100.0	0.034670
13105.0	0.034606
13110.0	0.034542
13115.0	0.034478
13120.0	0.034414
13125.0	0.034351
13130.0	0.034288
13135.0	0.034224
13140.0	0.034161
13145.0	0.034098
13150.0	0.034036
13155.0	0.033973
13160.0	0.033911
13165.0	0.033848
13170.0	0.033786
13175.0	0.033724
13180.0	0.033662
13185.0	0.033601
13190.0	0.033539
13195.0	0.033478
13200.0	0.033417
13205.0	0.033355
13210.0	0.033295
13215.0	0.033234
13220.0	0.033173
13225.0	0.033113
13230.0	0.033052
13235.0	0.032992
13240.0	0.032932
13245.0	0.032872
13250.0	0.032812
13255.0	0.032753
13260.0	0.032693
13265.0	0.032634
13270.0	0.032575
13275.0	0.032516
13280.0	0.032457
13285.0	0.032398
13290.0	0.032340
13295.0	0.032281
13300.0	0.032223
13305.0	0.032165
13310.0	0.032107
13315.0	0.032049
13320.0	0.031991
13325.0	0.031934
13330.0	0.031876
13335.0	0.031819
13340.0	0.031762
13345.0	0.031705
13350.0	0.031648
13355.0	0.031592
13360.0	0.031535
13365.0	0.031479
13370.0	0.031422
13375.0	0.031366
13380.0	0.031310
13385.0	0.031254
13390.0	0.031199
13395.0	0.031143
13400.0	0.031088
13405.0	0.031032
13410.0	0.030977
13415.0	0.030922
13420.0	0.030867
13425.0	0.030813
13430.0	0.030758
13435.0	0.030704
13440.0	0.030649
13445.0	0.030595
13450.0	0.030541
13455.0	0.030487
13460.0	0.030434
13465.0	0.030380
13470.0	0.030326
13475.0	0.030273
13480.0	0.030220
13485.0	0.030167
13490.0	0.030114
13495.0	0.030061
13500.0	0.030009
13505.0	0.029956
13510.0	0.029904
13515.0	0.029851
13520.0	0.029799
13525.0	0.029747
13530.0	0.029695
13535.0	0.029644
13540.0	0.029592
13545.0	0.029541
13550.0	0.029489
13555.0	0.029438
13560.0	0.029387
13565.0	0.029336
13570.0	0.029286
13575.0	0.029235
13580.0	0.029184
13585.0	0.029134
13590.0	0.029084
13595.0	0.029034
13600.0	0.028984
13605.0	0.028934
13610.0	0.028884
13615.0	0.028835
13620.0	0.028785
13625.0	0.028736
13630.0	0.028687
13635.0	0.028638
13640.0	0.028589
13645.0	0.028540
13650.0	0.028491
13655.0	0.028443
13660.0	0.028394
13665.0	0.028346
13670.0	0.028298
13675.0	0.028250
13680.0	0.028202
13685.0	0.028154
13690.0	0.028107
13695.0	0.028059
13700.0	0.028012
13705.0	0.027964
13710.0	0.027917
13715.0	0.027870
13720.0	0.027823
13725.0	0.027777
13730.0	0.027730
13735.0	0.027683
13740.0	0.027637
13745.0	0.027591
13750.0	0.027545
13755.0	0.027499
13760.0	0.027453
13765.0	0.027407
13770.0	0.027361
13775.0	0.027316
13780.0	0.027271
13785.0	0.027225
13790.0	0.027180
13795.0	0.027135
13800.0	0.027090
13805.0	0.027045
13810.0	0.027001
13815.0	0.026956
13820.0	0.026912
13825.0	0.026868
13830.0	0.026823
13835.0	0.026779
13840.0	0.026735
13845.0	0.026692
13850.0	0.026648
13855.0	0.026604
13860.0	0.026561
13865.0	0.026518
13870.0	0.026474
13875.0	0.026431
13880.0	0.026388
13885.0	0.026346
13890.0	0.026303
13895.0	0.026260
13900.0	0.026218
13905.0	0.026175
13910.0	0.026133
13915.0	0.026091
13920.0	0.026049
13925.0	0.026007
13930.0	0.025965
13935.0	0.025924
13940.0	0.025882
13945.0	0.025841
13950.0	0.025799
13955.0	0.025758
13960.0	0.025717
13965.0	0.025676
13970.0	0.025635
13975.0	0.025594
13980.0	0.025554
13985.0	0.025513
13990.0	0.025473
13995.0	0.025432
14000.0	0.025392
14005.0	0.025352
14010.0	0.025312
14015.0	0.025272
14020.0	0.025233
14025.0	0.025193
14030.0	0.025153
14035.0	0.025114
14040.0	0.025075
14045.0	0.025036
14050.0	0.024997
14055.0	0.024958
14060.0	0.024919
14065.0	0.024880
14070.0	0.024841
14075.0	0.024803
14080.0	0.024765
14085.0	0.024726
14090.0	0.024688
14095.0	0.024650
14100.0	0.024612
14105.0	0.024574
14110.0	0.024536
14115.0	0.024499
14120.0	0.024461
14125.0	0.024424
14130.0	0.024386
14135.0	0.024349
14140.0	0.024312
14145.0	0.024275
14150.0	0.024238
14155.0	0.024201
14160.0	0.024165
14165.0	0.024128
14170.0	0.024092
14175.0	0.024055
14180.0	0.024019
14185.0	0.023983
14190.0	0.023947
14195.0	0.023911
14200.0	0.023875
14205.0	0.023839
14210.0	0.023804
14215.0	0.023768
14220.0	0.023733
14225.0	0.023698
14230.0	0.023662
14235.0	0.023627
14240.0	0.023592
14245.0	0.023557
14250.0	0.023522
14255.0	0.023488
14260.0	0.023453
14265.0	0.023419
14270.0	0.023384
14275.0	0.023350
14280.0	0.023316
14285.0	0.023282
14290.0	0.023248
14295.0	0.023214
14300.0	0.023180
14305.0	0.023036
14310.0	0.022837
14315.0	0.022694
14320.0	0.022658
14325.0	0.022758
14330.0	0.022998
14335.0	0.023303
14340.0	0.023538
14345.0	0.023620
14350.0	0.023533
14355.0	0.023299
14360.0	0.022979
14365.0	0.022666
14370.0	0.022459
14375.0	0.022427
14380.0	0.022554
14385.0	0.022751
14390.0	0.022918
14395.0	0.022985
14400.0	0.022925
14405.0	0.022755
14410.0	0.022522
14415.0	0.022303
14420.0	0.022168
14425.0	0.022144
14430.0	0.022206
14435.0	0.022291
14440.0	0.022340
14445.0	0.022325
14450.0	0.022245
14455.0	0.022121
14460.0	0.021994
14465.0	0.021915
14470.0	0.021901
14475.0	0.021919
14480.0	0.021918
14485.0	0.021873
14490.0	0.021794
14495.0	0.021727
14500.0	0.021548
14505.0	0.021735
14510.0	0.021954
14515.0	0.022083
14520.0	0.022121
14525.0	0.022121
14530.0	0.022105
14535.0	0.022067
14540.0	0.022018
14545.0	0.021985
14550.0	0.021975
14555.0	0.021937
14560.0	0.021823
14565.0	0.021636
14570.0	0.021440
14575.0	0.021302
14580.0	0.021256
14585.0	0.021286
14590.0	0.021333
14595.0	0.021323
14600.0	0.021201
14605.0	0.020967
14610.0	0.020699
14615.0	0.020524
14620.0	0.020550
14625.0	0.020799
14630.0	0.021188
14635.0	0.021563
14640.0	0.021757
14645.0	0.021653
14650.0	0.021239
14655.0	0.020636
14660.0	0.020074
14665.0	0.019812
14670.0	0.019884
14675.0	0.020216
14680.0	0.020610
14685.0	0.020891
14690.0	0.020951
14695.0	0.020651
14700.0	0.020052
14705.0	0.019431
14710.0	0.019072
14715.0	0.019131
14720.0	0.019535
14725.0	0.020056
14730.0	0.020387
14735.0	0.020424
14740.0	0.020248
14745.0	0.019936
14750.0	0.019608
14755.0	0.019395
14760.0	0.019375
14765.0	0.019545
14770.0	0.019815
14775.0	0.020082
14780.0	0.020213
14785.0	0.020207
14790.0	0.020092
14795.0	0.019958
14800.0	0.019886
14805.0	0.019902
14810.0	0.019974
14815.0	0.020033
14820.0	0.020015
14825.0	0.019894
14830.0	0.019692
14835.0	0.019475
14840.0	0.019320
14845.0	0.019269
14850.0	0.019340
14855.0	0.019510
14860.0	0.019705
14865.0	0.019837
14870.0	0.019844
14875.0	0.019713
14880.0	0.019487
14885.0	0.019238
14890.0	0.019059
14895.0	0.019006
14900.0	0.019152
14905.0	0.019424
14910.0	0.019747
14915.0	0.020005
14920.0	0.020118
14925.0	0.020059
14930.0	0.019860
14935.0	0.019601
14940.0	0.019403
14945.0	0.019323
14950.0	0.019349
14955.0	0.019476
14960.0	0.019656
14965.0	0.019821
14970.0	0.019949
14975.0	0.020052
14980.0	0.020118
14985.0	0.020127
14990.0	0.020070
14995.0	0.019914
15000.0	0.019726
15005.0	0.019540
15010.0	0.019321
15015.0	0.019094
15020.0	0.018910
15025.0	0.018792
15030.0	0.018758
15035.0	0.018795
15040.0	0.018876
15045.0	0.018999
15050.0	0.019087
15055.0	0.019090
15060.0	0.019012
15065.0	0.018861
15070.0	0.018656
15075.0	0.018397
15080.0	0.018152
15085.0	0.017998
15090.0	0.017956
15095.0	0.018030
15100.0	0.018196
15105.0	0.018410
15110.0	0.018615
15115.0	0.018745
15120.0	0.018757
15125.0	0.018646
15130.0	0.018460
15135.0	0.018273
15140.0	0.018177
15145.0	0.018224
15150.0	0.018388
15155.0	0.018623
15160.0	0.018812
15165.0	0.018847
15170.0	0.018717
15175.0	0.018438
15180.0	0.018077
15185.0	0.017743
15190.0	0.017542
15195.0	0.017529
15200.0	0.017687
15205.0	0.017936
15210.0	0.018182
15215.0	0.018329
15220.0	0.018323
15225.0	0.018173
15230.0	0.017942
15235.0	0.017680
15240.0	0.017462
15245.0	0.017333
15250.0	0.017294
15255.0	0.017316
15260.0	0.017361
15265.0	0.017413
15270.0	0.017472
15275.0	0.017554
15280.0	0.017675
15285.0	0.017836
15290.0	0.017961
15295.0	0.018016
15300.0	0.017968
15305.0	0.017810
15310.0	0.017578
15315.0	0.017345
15320.0	0.017184
15325.0	0.017156
15330.0	0.017267
15335.0	0.017462
15340.0	0.017645
15345.0	0.017706
15350.0	0.017581
15355.0	0.017286
15360.0	0.016897
15365.0	0.016521
15370.0	0.016268
15375.0	0.016188
15380.0	0.016332
15385.0	0.016637
15390.0	0.017004
15395.0	0.017317
15400.0	0.017513
15405.0	0.017564
15410.0	0.017495
15415.0	0.017355
15420.0	0.017198
15425.0	0.017058
15430.0	0.016944
15435.0	0.016842
15440.0	0.016727
15445.0	0.016589
15450.0	0.016442
15455.0	0.016315
15460.0	0.016247
15465.0	0.016272
15470.0	0.016388
15475.0	0.016561
15480.0	0.016739
15485.0	0.016872
15490.0	0.016928
15495.0	0.016897
15500.0	0.016794
15505.0	0.016649
15510.0	0.016497
15515.0	0.016360
15520.0	0.016257
15525.0	0.016181
15530.0	0.016109
15535.0	0.016080
15540.0	0.016104
15545.0	0.016186
15550.0	0.016319
15555.0	0.016471
15560.0	0.016600
15565.0	0.016660
15570.0	0.016617
15575.0	0.016481
15580.0	0.016294
15585.0	0.016115
15590.0	0.016002
15595.0	0.015995
15600.0	0.016104
15605.0	0.016294
15610.0	0.016505
15615.0	0.016676
15620.0	0.016756
15625.0	0.016722
15630.0	0.016582
15635.0	0.016382
15640.0	0.016182
15645.0	0.016034
15650.0	0.015956
15655.0	0.015962
15660.0	0.015997
15665.0	0.016034
15670.0	0.016061
15675.0	0.016052
15680.0	0.015954
15685.0	0.015856
15690.0	0.015765
15695.0	0.015718
15700.0	0.015708
15705.0	0.015701
15710.0	0.015650
15715.0	0.015538
15720.0	0.015382
15725.0	0.015218
15730.0	0.015113
15735.0	0.015123
15740.0	0.015240
15745.0	0.015426
15750.0	0.015672
15755.0	0.015923
15760.0	0.016107
15765.0	0.016182
15770.0	0.016136
15775.0	0.015999
15780.0	0.015820
15785.0	0.015662
15790.0	0.015571
15795.0	0.015555
15800.0	0.015607
15805.0	0.015690
15810.0	0.015760
15815.0	0.015780
15820.0	0.015735
15825.0	0.015627
15830.0	0.015474
15835.0	0.015339
15840.0	0.015252
15845.0	0.015205
15850.0	0.015204
15855.0	0.015236
15860.0	0.015295
15865.0	0.015370
15870.0	0.015444
15875.0	0.015510
15880.0	0.015568
15885.0	0.015611
15890.0	0.015629
15895.0	0.015614
15900.0	0.015568
15905.0	0.015496
15910.0	0.015419
15915.0	0.015362
15920.0	0.015336
15925.0	0.015353
15930.0	0.015399
15935.0	0.015441
15940.0	0.015501
15945.0	0.015536
15950.0	0.015520
15955.0	0.015439
15960.0	0.015307
15965.0	0.015161
15970.0	0.015063
15975.0	0.015056
15980.0	0.015118
15985.0	0.015238
15990.0	0.015386
15995.0	0.015520
16000.0	0.015589
16005.0	0.015533
16010.0	0.015367
16015.0	0.015142
16020.0	0.014915
16025.0	0.014745
16030.0	0.014666
16035.0	0.014680
16040.0	0.014754
16045.0	0.014842
16050.0	0.014921
16055.0	0.014949
16060.0	0.014892
16065.0	0.014778
16070.0	0.014642
16075.0	0.014523
16080.0	0.014438
16085.0	0.014402
16090.0	0.014420
16095.0	0.014466
16100.0	0.014513
16105.0	0.014537
16110.0	0.014530
16115.0	0.014497
16120.0	0.014454
16125.0	0.014423
16130.0	0.014418
16135.0	0.014445
16140.0	0.014503
16145.0	0.014565
16150.0	0.014598
16155.0	0.014605
16160.0	0.014552
16165.0	0.014439
16170.0	0.014301
16175.0	0.014175
16180.0	0.014092
16185.0	0.014070
16190.0	0.014107
16195.0	0.014185
16200.0	0.014269
16205.0	0.014322
16210.0	0.014320
16215.0	0.014253
16220.0	0.014134
16225.0	0.013997
16230.0	0.013877
16235.0	0.013806
16240.0	0.013804
16245.0	0.013863
16250.0	0.013957
16255.0	0.014049
16260.0	0.014108
16265.0	0.014114
16270.0	0.014067
16275.0	0.013982
16280.0	0.013892
16285.0	0.013828
16290.0	0.013815
16295.0	0.013860
16300.0	0.013952
16305.0	0.014060
16310.0	0.014149
16315.0	0.014185
16320.0	0.014145
16325.0	0.014028
16330.0	0.013853
16335.0	0.013656
16340.0	0.013477
16345.0	0.013379
16350.0	0.013349
16355.0	0.013399
16360.0	0.013521
16365.0	0.013686
16370.0	0.013868
16375.0	0.014027
16380.0	0.014090
16385.0	0.014037
16390.0	0.013901
16395.0	0.013704
16400.0	0.013484
16405.0	0.013276
16410.0	0.013098
16415.0	0.012955
16420.0	0.012860
16425.0	0.012825
16430.0	0.012845
16435.0	0.012906
16440.0	0.013011
16445.0	0.013160
16450.0	0.013332
16455.0	0.013505
16460.0	0.013654
16465.0	0.013755
16470.0	0.013793
16475.0	0.013761
16480.0	0.013665
16485.0	0.013520
16490.0	0.013339
16495.0	0.013163
16500.0	0.013021
16505.0	0.012930
16510.0	0.012901
16515.0	0.012930
16520.0	0.013003
16525.0	0.013096
16530.0	0.013185
16535.0	0.013245
16540.0	0.013261
16545.0	0.013229
16550.0	0.013157
16555.0	0.013062
16560.0	0.012963
16565.0	0.012881
16570.0	0.012825
16575.0	0.012799
16580.0	0.012793
16585.0	0.012789
16590.0	0.012775
16595.0	0.012740
16600.0	0.012673
16605.0	0.012578
16610.0	0.012467
16615.0	0.012361
16620.0	0.012282
16625.0	0.012253
16630.0	0.012279
16635.0	0.012374
16640.0	0.012546
16645.0	0.012758
16650.0	0.012990
16655.0	0.013203
16660.0	0.013352
16665.0	0.013405
16670.0	0.013352
16675.0	0.013204
16680.0	0.012991
16685.0	0.012748
16690.0	0.012512
16695.0	0.012315
16700.0	0.012181
16705.0	0.012128
16710.0	0.012147
16715.0	0.012224
16720.0	0.012340
16725.0	0.012466
16730.0	0.012574
16735.0	0.012631
16740.0	0.012628
16745.0	0.012605
16750.0	0.012564
16755.0	0.012510
16760.0	0.012464
16765.0	0.012450
16770.0	0.012479
16775.0	0.012546
16780.0	0.012623
16785.0	0.012681
16790.0	0.012695
16795.0	0.012655
16800.0	0.012546
16805.0	0.012379
16810.0	0.012183
16815.0	0.011994
16820.0	0.011847
16825.0	0.011770
16830.0	0.011775
16835.0	0.011852
16840.0	0.011979
16845.0	0.012117
16850.0	0.012226
16855.0	0.012283
16860.0	0.012283
16865.0	0.012236
16870.0	0.012164
16875.0	0.012089
16880.0	0.012029
16885.0	0.012015
16890.0	0.012051
16895.0	0.012113
16900.0	0.012179
16905.0	0.012229
16910.0	0.012240
16915.0	0.012204
16920.0	0.012127
16925.0	0.012028
16930.0	0.011926
16935.0	0.011858
16940.0	0.011827
16945.0	0.011828
16950.0	0.011867
16955.0	0.011921
16960.0	0.011975
16965.0	0.012009
16970.0	0.012005
16975.0	0.011958
16980.0	0.011888
16985.0	0.011816
16990.0	0.011753
16995.0	0.011711
17000.0	0.011702
17005.0	0.011725
17010.0	0.011763
17015.0	0.011796
17020.0	0.011808
17025.0	0.011782
17030.0	0.011716
17035.0	0.011617
17040.0	0.011493
17045.0	0.011370
17050.0	0.011278
17055.0	0.011232
17060.0	0.011239
17065.0	0.011294
17070.0	0.011385
17075.0	0.011495
17080.0	0.011599
17085.0	0.011686
17090.0	0.011738
17095.0	0.011744
17100.0	0.011722
17105.0	0.011672
17110.0	0.011606
17115.0	0.011534
17120.0	0.011462
17125.0	0.011399
17130.0	0.011347
17135.0	0.011310
17140.0	0.011288
17145.0	0.011280
17150.0	0.011285
17155.0	0.011299
17160.0	0.011318
17165.0	0.011340
17170.0	0.011357
17175.0	0.011363
17180.0	0.011352
17185.0	0.011322
17190.0	0.011274
17195.0	0.011214
17200.0	0.011151
17205.0	0.011097
17210.0	0.011064
17215.0	0.011054
17220.0	0.011067
17225.0	0.011106
17230.0	0.011166
17235.0	0.011235
17240.0	0.011298
17245.0	0.011350
17250.0	0.011375
17255.0	0.011377
17260.0	0.011367
17265.0	0.011333
17270.0	0.011283
17275.0	0.011227
17280.0	0.011174
17285.0	0.011132
17290.0	0.011107
17295.0	0.011101
17300.0	0.011113
17305.0	0.011141
17310.0	0.011180
17315.0	0.011218
17320.0	0.011243
17325.0	0.011242
17330.0	0.011215
17335.0	0.011169
17340.0	0.011107
17345.0	0.011031
17350.0	0.010951
17355.0	0.010870
17360.0	0.010793
17365.0	0.010723
17370.0	0.010663
17375.0	0.010624
17380.0	0.010611
17385.0	0.010615
17390.0	0.010636
17395.0	0.010674
17400.0	0.010721
17405.0	0.010768
17410.0	0.010807
17415.0	0.010835
17420.0	0.010844
17425.0	0.010840
17430.0	0.010821
17435.0	0.010803
17440.0	0.010812
17445.0	0.010821
17450.0	0.010819
17455.0	0.010797
17460.0	0.010752
17465.0	0.010685
17470.0	0.010603
17475.0	0.010514
17480.0	0.010432
17485.0	0.010367
17490.0	0.010327
17495.0	0.010315
17500.0	0.010328
17505.0	0.010357
17510.0	0.010391
17515.0	0.010419
17520.0	0.010432
17525.0	0.010428
17530.0	0.010408
17535.0	0.010381
17540.0	0.010359
17545.0	0.010352
17550.0	0.010370
17555.0	0.010418
17560.0	0.010495
17565.0	0.010587
17570.0	0.010684
17575.0	0.010764
17580.0	0.010799
17585.0	0.010789
17590.0	0.010731
17595.0	0.010625
17600.0	0.010486
17605.0	0.010330
17610.0	0.010177
17615.0	0.010044
17620.0	0.009944
17625.0	0.009885
17630.0	0.009868
17635.0	0.009885
17640.0	0.009925
17645.0	0.009975
17650.0	0.010020
17655.0	0.010050
17660.0	0.010059
17665.0	0.010048
17670.0	0.010022
17675.0	0.009987
17680.0	0.009952
17685.0	0.009923
17690.0	0.009907
17695.0	0.009904
17700.0	0.009914
17705.0	0.009933
17710.0	0.009955
17715.0	0.009973
17720.0	0.009983
17725.0	0.009982
17730.0	0.009968
17735.0	0.009945
17740.0	0.009917
17745.0	0.009890
17750.0	0.009871
17755.0	0.009864
17760.0	0.009877
17765.0	0.009910
17770.0	0.009962
17775.0	0.010027
17780.0	0.010096
17785.0	0.010161
17790.0	0.010210
17795.0	0.010236
17800.0	0.010233
17805.0	0.010204
17810.0	0.010151
17815.0	0.010083
17820.0	0.010010
17825.0	0.009940
17830.0	0.009882
17835.0	0.009840
17840.0	0.009813
17845.0	0.009800
17850.0	0.009791
17855.0	0.009778
17860.0	0.009752
17865.0	0.009708
17870.0	0.009647
17875.0	0.009577
17880.0	0.009505
17885.0	0.009441
17890.0	0.009393
17895.0	0.009365
17900.0	0.009362
17905.0	0.009383
17910.0	0.009425
17915.0	0.009485
17920.0	0.009557
17925.0	0.009630
17930.0	0.009691
17935.0	0.009736
17940.0	0.009759
17945.0	0.009762
17950.0	0.009750
17955.0	0.009728
17960.0	0.009702
17965.0	0.009672
17970.0	0.009639
17975.0	0.009600
17980.0	0.009552
17985.0	0.009493
17990.0	0.009423
17995.0	0.009345
18000.0	0.009263
18005.0	0.009185
18010.0	0.009117
18015.0	0.009068
18020.0	0.009042
18025.0	0.009043
18030.0	0.009067
18035.0	0.009108
18040.0	0.009156
18045.0	0.009202
18050.0	0.009238
18055.0	0.009260
18060.0	0.009268
18065.0	0.009266
18070.0	0.009263
18075.0	0.009262
18080.0	0.009250
18085.0	0.009227
18090.0	0.009212
18095.0	0.009218
18100.0	0.009237
18105.0	0.009268
18110.0	0.009309
18115.0	0.009354
18120.0	0.009401
18125.0	0.009446
18130.0	0.009488
18135.0	0.009519
18140.0	0.009533
18145.0	0.009524
18150.0	0.009494
18155.0	0.009450
18160.0	0.009401
18165.0	0.009353
18170.0	0.009308
18175.0	0.009267
18180.0	0.009231
18185.0	0.009204
18190.0	0.009196
18195.0	0.009224
18200.0	0.009296
18205.0	0.009397
18210.0	0.009484
18215.0	0.009513
18220.0	0.009484
18225.0	0.009426
18230.0	0.009364
18235.0	0.009303
18240.0	0.009237
18245.0	0.009155
18250.0	0.009051
18255.0	0.008918
18260.0	0.008760
18265.0	0.008585
18270.0	0.008418
18275.0	0.008293
18280.0	0.008232
18285.0	0.008257
18290.0	0.008359
18295.0	0.008509
18300.0	0.008680
18305.0	0.008858
18310.0	0.009031
18315.0	0.009187
18320.0	0.009317
18325.0	0.009412
18330.0	0.009473
18335.0	0.009499
18340.0	0.009489
18345.0	0.009427
18350.0	0.009291
18355.0	0.009079
18360.0	0.008821
18365.0	0.008575
18370.0	0.008378
18375.0	0.008241
18380.0	0.008153
18385.0	0.008101
18390.0	0.008085
18395.0	0.008131
18400.0	0.008270
18405.0	0.008466
18410.0	0.008639
18415.0	0.008724
18420.0	0.008739
18425.0	0.008727
18430.0	0.008722
18435.0	0.008736
18440.0	0.008773
18445.0	0.008829
18450.0	0.008899
18455.0	0.008984
18460.0	0.009082
18465.0	0.009201
18470.0	0.009316
18475.0	0.009320
18480.0	0.009194
18485.0	0.008897
18490.0	0.008439
18495.0	0.008068
18500.0	0.007874
18505.0	0.007828
18510.0	0.007875
18515.0	0.007982
18520.0	0.008126
18525.0	0.008294
18530.0	0.008477
18535.0	0.008668
18540.0	0.008846
18545.0	0.008974
18550.0	0.009003
18555.0	0.008907
18560.0	0.008698
18565.0	0.008430
18570.0	0.008166
18575.0	0.007954
18580.0	0.007823
18585.0	0.007785
18590.0	0.007844
18595.0	0.007997
18600.0	0.008229
18605.0	0.008502
18610.0	0.008756
18615.0	0.008938
18620.0	0.009017
18625.0	0.008999
18630.0	0.008911
18635.0	0.008786
18640.0	0.008646
18645.0	0.008510
18650.0	0.008388
18655.0	0.008280
18660.0	0.008184
18665.0	0.008090
18670.0	0.007997
18675.0	0.007915
18680.0	0.007868
18685.0	0.007886
18690.0	0.007986
18695.0	0.008144
18700.0	0.008249
18705.0	0.008253
18710.0	0.008278
18715.0	0.008359
18720.0	0.008478
18725.0	0.008601
18730.0	0.008705
18735.0	0.008793
18740.0	0.008875
18745.0	0.008943
18750.0	0.008977
18755.0	0.008965
18760.0	0.008911
18765.0	0.008808
18770.0	0.008577
18775.0	0.008215
18780.0	0.007941
18785.0	0.007806
18790.0	0.007764
18795.0	0.007767
18800.0	0.007794
18805.0	0.007837
18810.0	0.007886
18815.0	0.007932
18820.0	0.007972
18825.0	0.007994
18830.0	0.007972
18835.0	0.007908
18840.0	0.007812
18845.0	0.007703
18850.0	0.007618
18855.0	0.007580
18860.0	0.007592
18865.0	0.007640
18870.0	0.007704
18875.0	0.007774
18880.0	0.007840
18885.0	0.007898
18890.0	0.007948
18895.0	0.007984
18900.0	0.008000
18905.0	0.007982
18910.0	0.007918
18915.0	0.007799
18920.0	0.007654
18925.0	0.007536
18930.0	0.007493
18935.0	0.007522
18940.0	0.007596
18945.0	0.007684
18950.0	0.007769
18955.0	0.007842
18960.0	0.007893
18965.0	0.007911
18970.0	0.007884
18975.0	0.007800
18980.0	0.007648
18985.0	0.007429
18990.0	0.007171
18995.0	0.006936
19000.0	0.006817
19005.0	0.006838
19010.0	0.006957
19015.0	0.007114
19020.0	0.007274
19025.0	0.007429
19030.0	0.007578
19035.0	0.007719
19040.0	0.007842
19045.0	0.007931
19050.0	0.007963
19055.0	0.007914
19060.0	0.007780
19065.0	0.007616
19070.0	0.007488
19075.0	0.007439
19080.0	0.007442
19085.0	0.007461
19090.0	0.007475
19095.0	0.007478
19100.0	0.007467
19105.0	0.007443
19110.0	0.007408
19115.0	0.007364
19120.0	0.007314
19125.0	0.007263
19130.0	0.007210
19135.0	0.007165
19140.0	0.007153
19145.0	0.007200
19150.0	0.007303
19155.0	0.007425
19160.0	0.007532
19165.0	0.007604
19170.0	0.007635
19175.0	0.007623
19180.0	0.007568
19185.0	0.007469
19190.0	0.007325
19195.0	0.007134
19200.0	0.006906
19205.0	0.006677
19210.0	0.006480
19215.0	0.006367
19220.0	0.006406
19225.0	0.006541
19230.0	0.006697
19235.0	0.006859
19240.0	0.007005
19245.0	0.007117
19250.0	0.007191
19255.0	0.007221
19260.0	0.007205
19265.0	0.007145
19270.0	0.007047
19275.0	0.006924
19280.0	0.006793
19285.0	0.006677
19290.0	0.006594
19295.0	0.006553
19300.0	0.006550
19305.0	0.006574
19310.0	0.006613
19315.0	0.006657
19320.0	0.006701
19325.0	0.006743
19330.0	0.006782
19335.0	0.006817
19340.0	0.006851
19345.0	0.006886
19350.0	0.006925
19355.0	0.006970
19360.0	0.007021
19365.0	0.007075
19370.0	0.007127
19375.0	0.007169
19380.0	0.007194
19385.0	0.007194
19390.0	0.007165
19395.0	0.007108
19400.0	0.007028
19405.0	0.006937
19410.0	0.006845
19415.0	0.006762
19420.0	0.006707
19425.0	0.006688
19430.0	0.006693
19435.0	0.006722
19440.0	0.006772
19445.0	0.006832
19450.0	0.006894
19455.0	0.006947
19460.0	0.006985
19465.0	0.006998
19470.0	0.006985
19475.0	0.006947
19480.0	0.006890
19485.0	0.006824
19490.0	0.006763
19495.0	0.006714
19500.0	0.006683
19505.0	0.006671
19510.0	0.006676
19515.0	0.006693
19520.0	0.006716
19525.0	0.006738
19530.0	0.006755
19535.0	0.006760
19540.0	0.006750
19545.0	0.006724
19550.0	0.006680
19555.0	0.006626
19560.0	0.006569
19565.0	0.006521
19570.0	0.006493
19575.0	0.006488
19580.0	0.006503
19585.0	0.006532
19590.0	0.006566
19595.0	0.006600
19600.0	0.006627
19605.0	0.006643
19610.0	0.006646
19615.0	0.006633
19620.0	0.006608
19625.0	0.006571
19630.0	0.006527
19635.0	0.006490
19640.0	0.006466
19645.0	0.006463
19650.0	0.006482
19655.0	0.006521
19660.0	0.006574
19665.0	0.006632
19670.0	0.006687
19675.0	0.006732
19680.0	0.006764
19685.0	0.006779
19690.0	0.006780
19695.0	0.006768
19700.0	0.006745
19705.0	0.006715
19710.0	0.006680
19715.0	0.006645
19720.0	0.006610
19725.0	0.006576
19730.0	0.006544
19735.0	0.006510
19740.0	0.006476
19745.0	0.006438
19750.0	0.006396
19755.0	0.006353
19760.0	0.006308
19765.0	0.006265
19770.0	0.006228
19775.0	0.006199
19780.0	0.006182
19785.0	0.006179
19790.0	0.006190
19795.0	0.006215
19800.0	0.006251
19805.0	0.006291
19810.0	0.006333
19815.0	0.006376
19820.0	0.006417
19825.0	0.006456
19830.0	0.006491
19835.0	0.006515
19840.0	0.006523
19845.0	0.006520
19850.0	0.006505
19855.0	0.006476
19860.0	0.006435
19865.0	0.006385
19870.0	0.006328
19875.0	0.006268
19880.0	0.006209
19885.0	0.006155
19890.0	0.006109
19895.0	0.006076
19900.0	0.006057
19905.0	0.006052
19910.0	0.006063
19915.0	0.006085
19920.0	0.006118
19925.0	0.006156
19930.0	0.006197
19935.0	0.006236
19940.0	0.006268
19945.0	0.006290
19950.0	0.006300
19955.0	0.006294
19960.0	0.006273
19965.0	0.006235
19970.0	0.006185
19975.0	0.006124
19980.0	0.006057
19985.0	0.005990
19990.0	0.005929
19995.0	0.005880
20000.0	0.005850
20005.0	0.005845
20010.0	0.005867
20015.0	0.005919
20020.0	0.006001
20025.0	0.006109
20030.0	0.006230
20035.0	0.006337
20040.0	0.006401
20045.0	0.006397
20050.0	0.006310
20055.0	0.006166
20060.0	0.006040
20065.0	0.005956
20070.0	0.005913
20075.0	0.005909
20080.0	0.005937
20085.0	0.005990
20090.0	0.006062
20095.0	0.006146
20100.0	0.006237
20105.0	0.006327
20110.0	0.006407
20115.0	0.006466
20120.0	0.006488
20125.0	0.006452
20130.0	0.006346
20135.0	0.006167
20140.0	0.005937
20145.0	0.005692
20150.0	0.005476
20155.0	0.005313
20160.0	0.005215
20165.0	0.005178
20170.0	0.005193
20175.0	0.005247
20180.0	0.005329
20185.0	0.005428
20190.0	0.005533
20195.0	0.005635
20200.0	0.005726
20205.0	0.005798
20210.0	0.005847
20215.0	0.005872
20220.0	0.005874
20225.0	0.005858
20230.0	0.005831
20235.0	0.005799
20240.0	0.005767
20245.0	0.005743
20250.0	0.005728
20255.0	0.005725
20260.0	0.005734
20265.0	0.005754
20270.0	0.005785
20275.0	0.005826
20280.0	0.005869
20285.0	0.005912
20290.0	0.005952
20295.0	0.005986
20300.0	0.006010
20305.0	0.006023
20310.0	0.006025
20315.0	0.006015
20320.0	0.005996
20325.0	0.005969
20330.0	0.005936
20335.0	0.005900
20340.0	0.005862
20345.0	0.005824
20350.0	0.005787
20355.0	0.005753
20360.0	0.005723
20365.0	0.005696
20370.0	0.005673
20375.0	0.005652
20380.0	0.005633
20385.0	0.005616
20390.0	0.005599
20395.0	0.005584
20400.0	0.005569
20405.0	0.005556
20410.0	0.005546
20415.0	0.005539
20420.0	0.005539
20425.0	0.005545
20430.0	0.005558
20435.0	0.005578
20440.0	0.005606
20445.0	0.005639
20450.0	0.005674
20455.0	0.005711
20460.0	0.005745
20465.0	0.005774
20470.0	0.005798
20475.0	0.005813
20480.0	0.005819
20485.0	0.005817
20490.0	0.005808
20495.0	0.005789
20500.0	0.005764
20505.0	0.005737
20510.0	0.005710
20515.0	0.005684
20520.0	0.005663
20525.0	0.005647
20530.0	0.005636
20535.0	0.005631
20540.0	0.005628
20545.0	0.005624
20550.0	0.005617
20555.0	0.005604
20560.0	0.005586
20565.0	0.005562
20570.0	0.005537
20575.0	0.005512
20580.0	0.005492
20585.0	0.005479
20590.0	0.005476
20595.0	0.005484
20600.0	0.005505
20605.0	0.005536
20610.0	0.005576
20615.0	0.005622
20620.0	0.005671
20625.0	0.005719
20630.0	0.005762
20635.0	0.005795
20640.0	0.005817
20645.0	0.005823
20650.0	0.005812
20655.0	0.005784
20660.0	0.005740
20665.0	0.005683
20670.0	0.005620
20675.0	0.005554
20680.0	0.005493
20685.0	0.005441
20690.0	0.005399
20695.0	0.005369
20700.0	0.005349
20705.0	0.005336
20710.0	0.005328
20715.0	0.005322
20720.0	0.005317
20725.0	0.005309
20730.0	0.005299
20735.0	0.005288
20740.0	0.005278
20745.0	0.005269
20750.0	0.005265
20755.0	0.005268
20760.0	0.005277
20765.0	0.005294
20770.0	0.005317
20775.0	0.005344
20780.0	0.005373
20785.0	0.005401
20790.0	0.005424
20795.0	0.005439
20800.0	0.005445
20805.0	0.005440
20810.0	0.005423
20815.0	0.005396
20820.0	0.005360
20825.0	0.005319
20830.0	0.005275
20835.0	0.005235
20840.0	0.005200
20845.0	0.005174
20850.0	0.005159
20855.0	0.005155
20860.0	0.005161
20865.0	0.005174
20870.0	0.005190
20875.0	0.005207
20880.0	0.005221
20885.0	0.005230
20890.0	0.005230
20895.0	0.005222
20900.0	0.005206
20905.0	0.005181
20910.0	0.005151
20915.0	0.005117
20920.0	0.005083
20925.0	0.005052
20930.0	0.005025
20935.0	0.005005
20940.0	0.004992
20945.0	0.004986
20950.0	0.004985
20955.0	0.004990
20960.0	0.004999
20965.0	0.005009
20970.0	0.005019
20975.0	0.005027
20980.0	0.005033
20985.0	0.005038
20990.0	0.005040
20995.0	0.005042
21000.0	0.005044
21005.0	0.005046
21010.0	0.005049
21015.0	0.005052
21020.0	0.005056
21025.0	0.005060
21030.0	0.005062
21035.0	0.005062
21040.0	0.005058
21045.0	0.005051
21050.0	0.005039
21055.0	0.005024
21060.0	0.005006
21065.0	0.004987
21070.0	0.004969
21075.0	0.004954
21080.0	0.004944
21085.0	0.004941
21090.0	0.004945
21095.0	0.004956
21100.0	0.004974
21105.0	0.004996
21110.0	0.005021
21115.0	0.005046
21120.0	0.005067
21125.0	0.005084
21130.0	0.005094
21135.0	0.005096
21140.0	0.005090
21145.0	0.005078
21150.0	0.005061
21155.0	0.005041
21160.0	0.005021
21165.0	0.005001
21170.0	0.004985
21175.0	0.004972
21180.0	0.004963
21185.0	0.004957
21190.0	0.004953
21195.0	0.004949
21200.0	0.004943
21205.0	0.004933
21210.0	0.004919
21215.0	0.004901
21220.0	0.004877
21225.0	0.004851
21230.0	0.004823
21235.0	0.004798
21240.0	0.004777
21245.0	0.004764
21250.0	0.004761
21255.0	0.004769
21260.0	0.004788
21265.0	0.004817
21270.0	0.004853
21275.0	0.004891
21280.0	0.004925
21285.0	0.004951
21290.0	0.004970
21295.0	0.004979
21300.0	0.004975
21305.0	0.004959
21310.0	0.004931
21315.0	0.004894
21320.0	0.004850
21325.0	0.004804
21330.0	0.004760
21335.0	0.004723
21340.0	0.004695
21345.0	0.004677
21350.0	0.004670
21355.0	0.004678
21360.0	0.004700
21365.0	0.004736
21370.0	0.004781
21375.0	0.004832
21380.0	0.004883
21385.0	0.004931
21390.0	0.004970
21395.0	0.004998
21400.0	0.005012
21405.0	0.005011
21410.0	0.004997
21415.0	0.004971
21420.0	0.004936
21425.0	0.004897
21430.0	0.004855
21435.0	0.004814
21440.0	0.004777
21445.0	0.004747
21450.0	0.004723
21455.0	0.004704
21460.0	0.004689
21465.0	0.004679
21470.0	0.004672
21475.0	0.004667
21480.0	0.004662
21485.0	0.004656
21490.0	0.004650
21495.0	0.004644
21500.0	0.004636
21505.0	0.004629
21510.0	0.004623
21515.0	0.004618
21520.0	0.004614
21525.0	0.004611
21530.0	0.004607
21535.0	0.004603
21540.0	0.004599
21545.0	0.004595
21550.0	0.004591
21555.0	0.004585
21560.0	0.004576
21565.0	0.004564
21570.0	0.004551
21575.0	0.004537
21580.0	0.004522
21585.0	0.004509
21590.0	0.004498
21595.0	0.004491
21600.0	0.004487
21605.0	0.004487
21610.0	0.004490
21615.0	0.004493
21620.0	0.004496
21625.0	0.004497
21630.0	0.004495
21635.0	0.004489
21640.0	0.004480
21645.0	0.004466
21650.0	0.004449
21655.0	0.004430
21660.0	0.004409
21665.0	0.004389
21670.0	0.004370
21675.0	0.004355
21680.0	0.004345
21685.0	0.004344
21690.0	0.004352
21695.0	0.004367
21700.0	0.004388
21705.0	0.004413
21710.0	0.004440
21715.0	0.004467
21720.0	0.004491
21725.0	0.004507
21730.0	0.004515
21735.0	0.004512
21740.0	0.004499
21745.0	0.004477
21750.0	0.004448
21755.0	0.004414
21760.0	0.004373
21765.0	0.004327
21770.0	0.004284
21775.0	0.004250
21780.0	0.004227
21785.0	0.004218
21790.0	0.004223
21795.0	0.004244
21800.0	0.004278
21805.0	0.004322
21810.0	0.004375
21815.0	0.004431
21820.0	0.004484
21825.0	0.004532
21830.0	0.004570
21835.0	0.004596
21840.0	0.004608
21845.0	0.004604
21850.0	0.004587
21855.0	0.004558
21860.0	0.004520
21865.0	0.004477
21870.0	0.004434
21875.0	0.004393
21880.0	0.004357
21885.0	0.004330
21890.0	0.004311
21895.0	0.004303
21900.0	0.004302
21905.0	0.004309
21910.0	0.004321
21915.0	0.004335
21920.0	0.004347
21925.0	0.004357
21930.0	0.004361
21935.0	0.004361
21940.0	0.004354
21945.0	0.004340
21950.0	0.004321
21955.0	0.004301
21960.0	0.004281
21965.0	0.004263
21970.0	0.004249
21975.0	0.004241
21980.0	0.004240
21985.0	0.004246
21990.0	0.004259
21995.0	0.004278
22000.0	0.004301
22005.0	0.004325
22010.0	0.004349
22015.0	0.004369
22020.0	0.004383
22025.0	0.004389
22030.0	0.004387
22035.0	0.004378
22040.0	0.004361
22045.0	0.004340
22050.0	0.004317
22055.0	0.004293
22060.0	0.004272
22065.0	0.004254
22070.0	0.004242
22075.0	0.004237
22080.0	0.004238
22085.0	0.004246
22090.0	0.004259
22095.0	0.004276
22100.0	0.004296
22105.0	0.004315
22110.0	0.004331
22115.0	0.004343
22120.0	0.004349
22125.0	0.004348
22130.0	0.004340
22135.0	0.004326
22140.0	0.004306
22145.0	0.004281
22150.0	0.004254
22155.0	0.004226
22160.0	0.004198
22165.0	0.004173
22170.0	0.004150
22175.0	0.004131
22180.0	0.004116
22185.0	0.004105
22190.0	0.004098
22195.0	0.004093
22200.0	0.004089
22205.0	0.004086
22210.0	0.004083
22215.0	0.004079
22220.0	0.004073
22225.0	0.004065
22230.0	0.004056
22235.0	0.004046
22240.0	0.004036
22245.0	0.004028
22250.0	0.004022
22255.0	0.004019
22260.0	0.004021
22265.0	0.004027
22270.0	0.004037
22275.0	0.004051
22280.0	0.004068
22285.0	0.004087
22290.0	0.004105
22295.0	0.004121
22300.0	0.004132
22305.0	0.004139
22310.0	0.004138
22315.0	0.004130
22320.0	0.004114
22325.0	0.004092
22330.0	0.004064
22335.0	0.004031
22340.0	0.003996
22345.0	0.003962
22350.0	0.003930
22355.0	0.003902
22360.0	0.003882
22365.0	0.003870
22370.0	0.003869
22375.0	0.003877
22380.0	0.003896
22385.0	0.003923
22390.0	0.003957
22395.0	0.003997
22400.0	0.004038
22405.0	0.004078
22410.0	0.004115
22415.0	0.004145
22420.0	0.004167
22425.0	0.004179
22430.0	0.004181
22435.0	0.004172
22440.0	0.004153
22445.0	0.004126
22450.0	0.004092
22455.0	0.004054
22460.0	0.004014
22465.0	0.003974
22470.0	0.003936
22475.0	0.003905
22480.0	0.003883
22485.0	0.003867
22490.0	0.003858
22495.0	0.003857
22500.0	0.003863
22505.0	0.003874
22510.0	0.003889
22515.0	0.003904
22520.0	0.003919
22525.0	0.003932
22530.0	0.003940
22535.0	0.003944
22540.0	0.003942
22545.0	0.003934
22550.0	0.003922
22555.0	0.003905
22560.0	0.003886
22565.0	0.003866
22570.0	0.003847
22575.0	0.003830
22580.0	0.003817
22585.0	0.003808
22590.0	0.003804
22595.0	0.003806
22600.0	0.003813
22605.0	0.003823
22610.0	0.003837
22615.0	0.003851
22620.0	0.003866
22625.0	0.003879
22630.0	0.003889
22635.0	0.003895
22640.0	0.003896
22645.0	0.003892
22650.0	0.003882
22655.0	0.003868
22660.0	0.003850
22665.0	0.003830
22670.0	0.003808
22675.0	0.003788
22680.0	0.003769
22685.0	0.003753
22690.0	0.003742
22695.0	0.003736
22700.0	0.003735
22705.0	0.003738
22710.0	0.003746
22715.0	0.003758
22720.0	0.003772
22725.0	0.003787
22730.0	0.003803
22735.0	0.003817
22740.0	0.003830
22745.0	0.003839
22750.0	0.003844
22755.0	0.003842
22760.0	0.003836
22765.0	0.003826
22770.0	0.003813
22775.0	0.003797
22780.0	0.003778
22785.0	0.003758
22790.0	0.003738
22795.0	0.003718
22800.0	0.003700
22805.0	0.003684
22810.0	0.003670
22815.0	0.003659
22820.0	0.003651
22825.0	0.003646
22830.0	0.003644
22835.0	0.003644
22840.0	0.003647
22845.0	0.003652
22850.0	0.003657
22855.0	0.003664
22860.0	0.003670
22865.0	0.003676
22870.0	0.003680
22875.0	0.003683
22880.0	0.003684
22885.0	0.003683
22890.0	0.003680
22895.0	0.003676
22900.0	0.003669
22905.0	0.003662
22910.0	0.003653
22915.0	0.003644
22920.0	0.003635
22925.0	0.003626
22930.0	0.003618
22935.0	0.003612
22940.0	0.003608
22945.0	0.003606
22950.0	0.003607
22955.0	0.003612
22960.0	0.003621
22965.0	0.003633
22970.0	0.003649
22975.0	0.003667
22980.0	0.003687
22985.0	0.003709
22990.0	0.003730
22995.0	0.003751
23000.0	0.003770
23005.0	0.003786
23010.0	0.003798
23015.0	0.003805
23020.0	0.003808
23025.0	0.003808
23030.0	0.003802
23035.0	0.003790
23040.0	0.003773
23045.0	0.003754
23050.0	0.003733
23055.0	0.003711
23060.0	0.003689
23065.0	0.003667
23070.0	0.003648
23075.0	0.003632
23080.0	0.003619
23085.0	0.003609
23090.0	0.003603
23095.0	0.003600
23100.0	0.003600
23105.0	0.003602
23110.0	0.003604
23115.0	0.003607
23120.0	0.003610
23125.0	0.003611
23130.0	0.003610
23135.0	0.003607
23140.0	0.003601
23145.0	0.003593
23150.0	0.003583
23155.0	0.003571
23160.0	0.003557
23165.0	0.003543
23170.0	0.003528
23175.0	0.003515
23180.0	0.003503
23185.0	0.003494
23190.0	0.003488
23195.0	0.003486
23200.0	0.003487
23205.0	0.003493
23210.0	0.003501
23215.0	0.003513
23220.0	0.003526
23225.0	0.003541
23230.0	0.003555
23235.0	0.003570
23240.0	0.003583
23245.0	0.003593
23250.0	0.003601
23255.0	0.003606
23260.0	0.003607
23265.0	0.003604
23270.0	0.003597
23275.0	0.003586
23280.0	0.003572
23285.0	0.003555
23290.0	0.003537
23295.0	0.003517
23300.0	0.003497
23305.0	0.003478
23310.0	0.003461
23315.0	0.003445
23320.0	0.003433
23325.0	0.003427
23330.0	0.003425
23335.0	0.003426
23340.0	0.003431
23345.0	0.003438
23350.0	0.003450
23355.0	0.003463
23360.0	0.003478
23365.0	0.003494
23370.0	0.003509
23375.0	0.003524
23380.0	0.003537
23385.0	0.003546
23390.0	0.003553
23395.0	0.003555
23400.0	0.003554
23405.0	0.003548
23410.0	0.003538
23415.0	0.003526
23420.0	0.003510
23425.0	0.003494
23430.0	0.003477
23435.0	0.003460
23440.0	0.003444
23445.0	0.003430
23450.0	0.003418
23455.0	0.003407
23460.0	0.003399
23465.0	0.003393
23470.0	0.003388
23475.0	0.003385
23480.0	0.003383
23485.0	0.003381
23490.0	0.003379
23495.0	0.003376
23500.0	0.003373
23505.0	0.003368
23510.0	0.003362
23515.0	0.003355
23520.0	0.003347
23525.0	0.003337
23530.0	0.003327
23535.0	0.003317
23540.0	0.003308
23545.0	0.003299
23550.0	0.003291
23555.0	0.003284
23560.0	0.003279
23565.0	0.003276
23570.0	0.003274
23575.0	0.003274
23580.0	0.003276
23585.0	0.003278
23590.0	0.003282
23595.0	0.003286
23600.0	0.003290
23605.0	0.003294
23610.0	0.003299
23615.0	0.003303
23620.0	0.003307
23625.0	0.003312
23630.0	0.003317
23635.0	0.003324
23640.0	0.003331
23645.0	0.003339
23650.0	0.003348
23655.0	0.003359
23660.0	0.003370
23665.0	0.003381
23670.0	0.003393
23675.0	0.003404
23680.0	0.003415
23685.0	0.003424
23690.0	0.003430
23695.0	0.003434
23700.0	0.003435
23705.0	0.003432
23710.0	0.003424
23715.0	0.003412
23720.0	0.003395
23725.0	0.003373
23730.0	0.003349
23735.0	0.003322
23740.0	0.003294
23745.0	0.003267
23750.0	0.003242
23755.0	0.003221
23760.0	0.003202
23765.0	0.003188
23770.0	0.003179
23775.0	0.003173
23780.0	0.003172
23785.0	0.003173
23790.0	0.003176
23795.0	0.003181
23800.0	0.003186
23805.0	0.003191
23810.0	0.003195
23815.0	0.003198
23820.0	0.003199
23825.0	0.003199
23830.0	0.003196
23835.0	0.003192
23840.0	0.003187
23845.0	0.003181
23850.0	0.003175
23855.0	0.003169
23860.0	0.003164
23865.0	0.003160
23870.0	0.003158
23875.0	0.003157
23880.0	0.003158
23885.0	0.003160
23890.0	0.003163
23895.0	0.003166
23900.0	0.003170
23905.0	0.003173
23910.0	0.003174
23915.0	0.003175
23920.0	0.003174
23925.0	0.003170
23930.0	0.003163
23935.0	0.003155
23940.0	0.003146
23945.0	0.003137
23950.0	0.003128
23955.0	0.003121
23960.0	0.003116
23965.0	0.003114
23970.0	0.003116
23975.0	0.003121
23980.0	0.003131
23985.0	0.003144
23990.0	0.003160
23995.0	0.003178
24000.0	0.003198
24005.0	0.003218
24010.0	0.003237
24015.0	0.003254
24020.0	0.003267
24025.0	0.003276
24030.0	0.003280
24035.0	0.003278
24040.0	0.003271
24045.0	0.003258
24050.0	0.003240
24055.0	0.003218
24060.0	0.003194
24065.0	0.003170
24070.0	0.003145
24075.0	0.003123
24080.0	0.003105
24085.0	0.003091
24090.0	0.003083
24095.0	0.003081
24100.0	0.003084
24105.0	0.003092
24110.0	0.003105
24115.0	0.003121
24120.0	0.003139
24125.0	0.003158
24130.0	0.003176
24135.0	0.003191
24140.0	0.003202
24145.0	0.003208
24150.0	0.003208
24155.0	0.003202
24160.0	0.003189
24165.0	0.003171
24170.0	0.003149
24175.0	0.003123
24180.0	0.003095
24185.0	0.003067
24190.0	0.003040
24195.0	0.003017
24200.0	0.002998
24205.0	0.002984
24210.0	0.002977
24215.0	0.002976
24220.0	0.002982
24225.0	0.002993
24230.0	0.003008
24235.0	0.003027
24240.0	0.003049
24245.0	0.003071
24250.0	0.003093
24255.0	0.003112
24260.0	0.003127
24265.0	0.003137
24270.0	0.003143
24275.0	0.003144
24280.0	0.003139
24285.0	0.003130
24290.0	0.003116
24295.0	0.003100
24300.0	0.003081
24305.0	0.003062
24310.0	0.003043
24315.0	0.003025
24320.0	0.003010
24325.0	0.002998
24330.0	0.002991
24335.0	0.002988
24340.0	0.002991
24345.0	0.002998
24350.0	0.003009
24355.0	0.003022
24360.0	0.003038
24365.0	0.003053
24370.0	0.003068
24375.0	0.003080
24380.0	0.003089
24385.0	0.003094
24390.0	0.003095
24395.0	0.003092
24400.0	0.003084
24405.0	0.003074
24410.0	0.003060
24415.0	0.003044
24420.0	0.003026
24425.0	0.003007
24430.0	0.002989
24435.0	0.002970
24440.0	0.002953
24445.0	0.002938
24450.0	0.002925
24455.0	0.002915
24460.0	0.002908
24465.0	0.002904
24470.0	0.002904
24475.0	0.002907
24480.0	0.002913
24485.0	0.002922
24490.0	0.002932
24495.0	0.002943
24500.0	0.002955
24505.0	0.002966
24510.0	0.002977
24515.0	0.002988
24520.0	0.002997
24525.0	0.003006
24530.0	0.003013
24535.0	0.003020
24540.0	0.003026
24545.0	0.003031
24550.0	0.003036
24555.0	0.003040
24560.0	0.003044
24565.0	0.003046
24570.0	0.003048
24575.0	0.003049
24580.0	0.003050
24585.0	0.003050
24590.0	0.003049
24595.0	0.003047
24600.0	0.003045
24605.0	0.003043
24610.0	0.003040
24615.0	0.003037
24620.0	0.003034
24625.0	0.003031
24630.0	0.003029
24635.0	0.003027
24640.0	0.003025
24645.0	0.003024
24650.0	0.003023
24655.0	0.003022
24660.0	0.003022
24665.0	0.003021
24670.0	0.003020
24675.0	0.003018
24680.0	0.003015
24685.0	0.003010
24690.0	0.003005
24695.0	0.002998
24700.0	0.002989
24705.0	0.002979
24710.0	0.002968
24715.0	0.002956
24720.0	0.002944
24725.0	0.002932
24730.0	0.002921
24735.0	0.002911
24740.0	0.002903
24745.0	0.002897
24750.0	0.002894
24755.0	0.002893
24760.0	0.002895
24765.0	0.002899
24770.0	0.002906
24775.0	0.002913
24780.0	0.002922
24785.0	0.002932
24790.0	0.002941
24795.0	0.002949
24800.0	0.002956
24805.0	0.002961
24810.0	0.002963
24815.0	0.002961
24820.0	0.002957
24825.0	0.002949
24830.0	0.002938
24835.0	0.002924
24840.0	0.002908
24845.0	0.002891
24850.0	0.002873
24855.0	0.002856
24860.0	0.002841
24865.0	0.002828
24870.0	0.002818
24875.0	0.002811
24880.0	0.002808
24885.0	0.002808
24890.0	0.002813
24895.0	0.002822
24900.0	0.002834
24905.0	0.002847
24910.0	0.002860
24915.0	0.002873
24920.0	0.002886
24925.0	0.002896
24930.0	0.002904
24935.0	0.002908
24940.0	0.002910
24945.0	0.002908
24950.0	0.002900
24955.0	0.002887
24960.0	0.002875
24965.0	0.002874
24970.0	0.002872
24975.0	0.002840
24980.0	0.002750
24985.0	0.002598
24990.0	0.000000
24995.0	0.000000
25000.0	0.000000
